TITLE     = "DT Interpolated Flow Field"
VARIABLES = "X_m"
"Ne"
"Ni"
ZONE T="Extracted Points"
 STRANDID=0, SOLUTIONTIME=0
 I=99, J=1, K=1, ZONETYPE=Ordered
 DATAPACKING=POINT
 DT=(SINGLE SINGLE SINGLE )
 0.000000000E+00 3.245166503E-03 4.694817007E+14
 2.565656614E-04 1.259070449E-02 4.965130505E+14
 5.131313228E-04 3.391550109E-02 5.355049782E+14
 7.696969551E-04 7.647710294E-02 5.813640217E+14
 1.026262646E-03 1.494793892E-01 6.351608359E+14
 1.282828278E-03 2.577117682E-01 6.990647148E+14
 1.539393910E-03 3.997639418E-01 7.766902089E+14
 1.795959543E-03 5.687335134E-01 8.721710900E+14
 2.052525291E-03 7.604210973E-01 9.933348688E+14
 2.309090924E-03 9.704430103E-01 1.146834383E+15
 2.565656556E-03 1.198360324E+00 1.337411611E+15
 2.822222188E-03 1.445689082E+00 1.566208411E+15
 3.078787820E-03 1.711588621E+00 1.826616171E+15
 3.335353453E-03 1.991211891E+00 2.105681805E+15
 3.591919085E-03 2.275596380E+00 2.387304153E+15
 3.848484950E-03 2.550624132E+00 2.653343286E+15
 4.105050582E-03 2.807594299E+00 2.897927446E+15
 4.361615982E-03 3.042275190E+00 3.118875328E+15
 4.618181847E-03 3.253221989E+00 3.315994462E+15
 4.874747247E-03 3.434705257E+00 3.484470460E+15
 5.131313112E-03 3.588572025E+00 3.627940353E+15
 5.387878977E-03 3.724715948E+00 3.755522356E+15
 5.644444376E-03 3.845361710E+00 3.869272149E+15
 5.901010241E-03 3.943787575E+00 3.963002026E+15
 6.157575641E-03 4.033470631E+00 4.048784871E+15
 6.414141506E-03 4.114716053E+00 4.126898515E+15
 6.670706905E-03 4.183304787E+00 4.193484198E+15
 6.927272771E-03 4.247606277E+00 4.256070462E+15
 7.183838170E-03 4.305575371E+00 4.312735307E+15
 7.440404035E-03 4.357531071E+00 4.363717106E+15
 7.696969900E-03 4.407026768E+00 4.412375059E+15
 7.953535765E-03 4.450217247E+00 4.455083677E+15
 8.210101165E-03 4.491469860E+00 4.495885061E+15
 8.466666564E-03 4.528605461E+00 4.532634143E+15
 8.723231964E-03 4.562794209E+00 4.566474190E+15
 8.979798295E-03 4.594428539E+00 4.597792555E+15
 9.236363694E-03 4.622546673E+00 4.625651324E+15
 9.492929094E-03 4.649174213E+00 4.652042824E+15
 9.749494493E-03 4.671978951E+00 4.674640257E+15
 1.000606082E-02 4.693943977E+00 4.696405004E+15
 1.026262622E-02 4.712057114E+00 4.714355820E+15
 1.051919162E-02 4.729688644E+00 4.731830431E+15
 1.077575795E-02 4.743598461E+00 4.745615666E+15
 1.103232335E-02 4.757134914E+00 4.759030996E+15
 1.128888875E-02 4.767197132E+00 4.768986193E+15
 1.154545415E-02 4.776785374E+00 4.778469481E+15
 1.180202048E-02 4.783309937E+00 4.784910858E+15
 1.205858588E-02 4.789079189E+00 4.790602227E+15
 1.231515128E-02 4.792286873E+00 4.793746680E+15
 1.257171761E-02 4.794264317E+00 4.795667604E+15
 1.282828301E-02 4.794355392E+00 4.795704648E+15
 1.308484841E-02 4.792560101E+00 4.793857812E+15
 1.334141381E-02 4.789538383E+00 4.790789595E+15
 1.359798014E-02 4.783961773E+00 4.785178757E+15
 1.385454554E-02 4.777633190E+00 4.778819521E+15
 1.411111094E-02 4.768252373E+00 4.769425891E+15
 1.436767634E-02 4.758399487E+00 4.759560351E+15
 1.462424267E-02 4.745083809E+00 4.746235752E+15
 1.488080807E-02 4.731396675E+00 4.732540712E+15
 1.513737347E-02 4.713999271E+00 4.715152537E+15
 1.539393980E-02 4.696123600E+00 4.697288157E+15
 1.565050520E-02 4.674419403E+00 4.675613604E+15
 1.590707153E-02 4.651884079E+00 4.653109050E+15
 1.616363600E-02 4.625561714E+00 4.626823313E+15
 1.642020233E-02 4.597767830E+00 4.599077824E+15
 1.667676680E-02 4.566504002E+00 4.567892067E+15
 1.693333313E-02 4.532724380E+00 4.534198048E+15
 1.718989946E-02 4.496043682E+00 4.497611906E+15
 1.744646393E-02 4.455325127E+00 4.456994669E+15
 1.770303026E-02 4.412705898E+00 4.414479861E+15
 1.795959659E-02 4.364005566E+00 4.366127119E+15
 1.821616106E-02 4.312945366E+00 4.315484355E+15
 1.847272739E-02 4.256120682E+00 4.259237463E+15
 1.872929372E-02 4.193281651E+00 4.197153979E+15
 1.898585819E-02 4.126375198E+00 4.131130937E+15
 1.924242452E-02 4.047619820E+00 4.053837095E+15
 1.949898899E-02 3.960989952E+00 3.968999679E+15
 1.975555532E-02 3.866200924E+00 3.876345692E+15
 2.001212165E-02 3.750610113E+00 3.763941298E+15
 2.026868612E-02 3.620154381E+00 3.637844816E+15
 2.052525245E-02 3.472252846E+00 3.495964329E+15
 2.078181878E-02 3.295590639E+00 3.329044989E+15
 2.103838325E-02 3.085297585E+00 3.132638013E+15
 2.129494958E-02 2.844831467E+00 2.911459009E+15
 2.155151591E-02 2.571564436E+00 2.665429860E+15
 2.180808038E-02 2.263664007E+00 2.396445722E+15
 2.206464671E-02 1.920326591E+00 2.110348824E+15
 2.232121304E-02 1.554200530E+00 1.827243773E+15
 2.257777750E-02 1.184451342E+00 1.564665444E+15
 2.283434384E-02 8.346099854E-01 1.336233851E+15
 2.309090830E-02 5.321950316E-01 1.148130792E+15
 2.334747463E-02 2.996606827E-01 9.980404753E+14
 2.360404097E-02 1.479229480E-01 8.800606764E+14
 2.386060543E-02 6.563752145E-02 7.870169209E+14
 2.411717176E-02 2.492789365E-02 7.110572701E+14
 2.437373810E-02 8.120253682E-03 6.478203862E+14
 2.463030256E-02 2.409344539E-03 5.937480902E+14
 2.488686889E-02 7.178519736E-04 5.469680446E+14
 2.514343522E-02 2.794595785E-04 5.068061409E+14
