TITLE     = "DT Interpolated Flow Field"
VARIABLES = "X_m"
"Y_m"
"blockID"
"cellID"
"Ne"
"Ni"
"Ee"
"Te_K"
"Te_eV"
"Phi"
ZONE T="Extracted Points"
 STRANDID=0, SOLUTIONTIME=0
 I=99, J=1, K=1, ZONETYPE=Ordered
 DATAPACKING=BLOCK
 DT=(SINGLE SINGLE SINGLE SINGLE SINGLE SINGLE SINGLE SINGLE SINGLE SINGLE )
 0.000000000E+00 2.565656614E-04 5.131313228E-04 7.696969551E-04 1.026262646E-03
 1.282828278E-03 1.539393910E-03 1.795959543E-03 2.052525291E-03 2.309090924E-03
 2.565656556E-03 2.822222188E-03 3.078787820E-03 3.335353453E-03 3.591919085E-03
 3.848484950E-03 4.105050582E-03 4.361615982E-03 4.618181847E-03 4.874747247E-03
 5.131313112E-03 5.387878977E-03 5.644444376E-03 5.901010241E-03 6.157575641E-03
 6.414141506E-03 6.670706905E-03 6.927272771E-03 7.183838170E-03 7.440404035E-03
 7.696969900E-03 7.953535765E-03 8.210101165E-03 8.466666564E-03 8.723231964E-03
 8.979798295E-03 9.236363694E-03 9.492929094E-03 9.749494493E-03 1.000606082E-02
 1.026262622E-02 1.051919162E-02 1.077575795E-02 1.103232335E-02 1.128888875E-02
 1.154545415E-02 1.180202048E-02 1.205858588E-02 1.231515128E-02 1.257171761E-02
 1.282828301E-02 1.308484841E-02 1.334141381E-02 1.359798014E-02 1.385454554E-02
 1.411111094E-02 1.436767634E-02 1.462424267E-02 1.488080807E-02 1.513737347E-02
 1.539393980E-02 1.565050520E-02 1.590707153E-02 1.616363600E-02 1.642020233E-02
 1.667676680E-02 1.693333313E-02 1.718989946E-02 1.744646393E-02 1.770303026E-02
 1.795959659E-02 1.821616106E-02 1.847272739E-02 1.872929372E-02 1.898585819E-02
 1.924242452E-02 1.949898899E-02 1.975555532E-02 2.001212165E-02 2.026868612E-02
 2.052525245E-02 2.078181878E-02 2.103838325E-02 2.129494958E-02 2.155151591E-02
 2.180808038E-02 2.206464671E-02 2.232121304E-02 2.257777750E-02 2.283434384E-02
 2.309090830E-02 2.334747463E-02 2.360404097E-02 2.386060543E-02 2.411717176E-02
 2.437373810E-02 2.463030256E-02 2.488686889E-02 2.514343522E-02
 6.349999923E-03 6.349999923E-03 6.349999923E-03 6.349999923E-03 6.349999923E-03
 6.349999923E-03 6.349999923E-03 6.349999923E-03 6.349999923E-03 6.349999923E-03
 6.349999923E-03 6.349999923E-03 6.349999923E-03 6.349999923E-03 6.349999923E-03
 6.349999923E-03 6.349999923E-03 6.349999923E-03 6.349999923E-03 6.349999923E-03
 6.349999923E-03 6.349999923E-03 6.349999923E-03 6.349999923E-03 6.349999923E-03
 6.349999923E-03 6.349999923E-03 6.349999923E-03 6.349999923E-03 6.349999923E-03
 6.349999923E-03 6.349999923E-03 6.349999923E-03 6.349999923E-03 6.349999923E-03
 6.349999923E-03 6.349999923E-03 6.349999923E-03 6.349999923E-03 6.349999923E-03
 6.349999923E-03 6.349999923E-03 6.349999923E-03 6.349999923E-03 6.349999923E-03
 6.349999923E-03 6.349999923E-03 6.349999923E-03 6.349999923E-03 6.349999923E-03
 6.349999923E-03 6.349999923E-03 6.349999923E-03 6.349999923E-03 6.349999923E-03
 6.349999923E-03 6.349999923E-03 6.349999923E-03 6.349999923E-03 6.349999923E-03
 6.349999923E-03 6.349999923E-03 6.349999923E-03 6.349999923E-03 6.349999923E-03
 6.349999923E-03 6.349999923E-03 6.349999923E-03 6.349999923E-03 6.349999923E-03
 6.349999923E-03 6.349999923E-03 6.349999923E-03 6.349999923E-03 6.349999923E-03
 6.349999923E-03 6.349999923E-03 6.349999923E-03 6.349999923E-03 6.349999923E-03
 6.349999923E-03 6.349999923E-03 6.349999923E-03 6.349999923E-03 6.349999923E-03
 6.349999923E-03 6.349999923E-03 6.349999923E-03 6.349999923E-03 6.349999923E-03
 6.349999923E-03 6.349999923E-03 6.349999923E-03 6.349999923E-03 6.349999923E-03
 6.349999923E-03 6.349999923E-03 6.349999923E-03 6.349999923E-03
 0.000000000E+00 0.000000000E+00 0.000000000E+00 0.000000000E+00 0.000000000E+00
 0.000000000E+00 0.000000000E+00 0.000000000E+00 0.000000000E+00 0.000000000E+00
 0.000000000E+00 0.000000000E+00 0.000000000E+00 0.000000000E+00 0.000000000E+00
 0.000000000E+00 0.000000000E+00 0.000000000E+00 0.000000000E+00 0.000000000E+00
 0.000000000E+00 0.000000000E+00 0.000000000E+00 0.000000000E+00 0.000000000E+00
 0.000000000E+00 0.000000000E+00 0.000000000E+00 0.000000000E+00 0.000000000E+00
 0.000000000E+00 0.000000000E+00 0.000000000E+00 0.000000000E+00 0.000000000E+00
 0.000000000E+00 0.000000000E+00 0.000000000E+00 0.000000000E+00 0.000000000E+00
 0.000000000E+00 0.000000000E+00 0.000000000E+00 0.000000000E+00 0.000000000E+00
 0.000000000E+00 0.000000000E+00 0.000000000E+00 0.000000000E+00 0.000000000E+00
 0.000000000E+00 0.000000000E+00 0.000000000E+00 0.000000000E+00 0.000000000E+00
 0.000000000E+00 0.000000000E+00 0.000000000E+00 0.000000000E+00 0.000000000E+00
 0.000000000E+00 0.000000000E+00 0.000000000E+00 0.000000000E+00 0.000000000E+00
 0.000000000E+00 0.000000000E+00 0.000000000E+00 0.000000000E+00 0.000000000E+00
 0.000000000E+00 0.000000000E+00 0.000000000E+00 0.000000000E+00 0.000000000E+00
 0.000000000E+00 0.000000000E+00 0.000000000E+00 0.000000000E+00 0.000000000E+00
 0.000000000E+00 0.000000000E+00 0.000000000E+00 0.000000000E+00 0.000000000E+00
 0.000000000E+00 0.000000000E+00 0.000000000E+00 0.000000000E+00 0.000000000E+00
 0.000000000E+00 0.000000000E+00 0.000000000E+00 0.000000000E+00 0.000000000E+00
 0.000000000E+00 0.000000000E+00 0.000000000E+00 0.000000000E+00
 2.818571533E+03 2.824448975E+03 2.827114502E+03 2.829146484E+03 2.830856934E+03
 2.832366211E+03 2.833731201E+03 2.834991455E+03 2.836159912E+03 2.837255615E+03
 2.838293213E+03 2.839280762E+03 2.840225098E+03 2.841131348E+03 2.842001709E+03
 2.842839600E+03 2.843650879E+03 2.844438477E+03 2.845205322E+03 2.845949219E+03
 2.846671143E+03 2.847378174E+03 2.848071533E+03 2.848742188E+03 2.849401855E+03
 2.850051270E+03 2.850681152E+03 2.851303467E+03 2.851914062E+03 2.852511475E+03
 2.853103516E+03 2.853679688E+03 2.854250732E+03 2.854811279E+03 2.855363525E+03
 2.855908936E+03 2.856444580E+03 2.856975830E+03 2.857496094E+03 2.858013916E+03
 2.858520264E+03 2.859025391E+03 2.859519531E+03 2.860012207E+03 2.860494873E+03
 2.860976318E+03 2.861448730E+03 2.861918945E+03 2.862382080E+03 2.862841553E+03
 2.863301270E+03 2.863760986E+03 2.864224121E+03 2.864694336E+03 2.865166748E+03
 2.865647949E+03 2.866130615E+03 2.866623535E+03 2.867117432E+03 2.867622559E+03
 2.868128906E+03 2.868646729E+03 2.869166992E+03 2.869698486E+03 2.870233887E+03
 2.870779297E+03 2.871331787E+03 2.871892090E+03 2.872463135E+03 2.873039551E+03
 2.873631348E+03 2.874228760E+03 2.874839355E+03 2.875461670E+03 2.876091553E+03
 2.876740967E+03 2.877400879E+03 2.878071533E+03 2.878764893E+03 2.879471680E+03
 2.880193848E+03 2.880937500E+03 2.881704346E+03 2.882492188E+03 2.883303467E+03
 2.884141113E+03 2.885011475E+03 2.885917969E+03 2.886862061E+03 2.887849609E+03
 2.888887207E+03 2.889982910E+03 2.891151367E+03 2.892411621E+03 2.893776855E+03
 2.895285889E+03 2.896996338E+03 2.899028320E+03 2.901693848E+03
 1.691394718E-04 3.092472325E-04 1.078702859E-03 4.788864870E-03 1.965436153E-02
 6.742293388E-02 1.887343675E-01 4.272573888E-01 8.267682791E-01 1.360209107E+00
 1.958394647E+00 2.561232090E+00 3.131360054E+00 3.647347212E+00 4.088408947E+00
 4.444270611E+00 4.724188328E+00 4.939262867E+00 5.099689484E+00 5.206491470E+00
 5.270672798E+00 5.310924053E+00 5.331407070E+00 5.326869965E+00 5.313712597E+00
 5.291992664E+00 5.259281635E+00 5.223644257E+00 5.182986736E+00 5.139060497E+00
 5.093498230E+00 5.044977188E+00 4.996296883E+00 4.945919514E+00 4.895560741E+00
 4.844094276E+00 4.792718410E+00 4.740682125E+00 4.688909054E+00 4.636825562E+00
 4.585434914E+00 4.533885002E+00 4.483508110E+00 4.432982922E+00 4.384096622E+00
 4.334995270E+00 4.287997723E+00 4.240685940E+00 4.196051598E+00 4.151211739E+00
 4.108861923E+00 4.066521645E+00 4.026202679E+00 3.986396313E+00 3.948111773E+00
 3.911273479E+00 3.875411987E+00 3.841380119E+00 3.808053732E+00 3.776473761E+00
 3.745630980E+00 3.715899229E+00 3.687206268E+00 3.658327103E+00 3.630919218E+00
 3.601381063E+00 3.573076487E+00 3.541317940E+00 3.509016752E+00 3.473895073E+00
 3.432462931E+00 3.388803720E+00 3.334950447E+00 3.274385214E+00 3.206417084E+00
 3.119263649E+00 3.021302938E+00 2.909743786E+00 2.769583225E+00 2.613638878E+00
 2.439442158E+00 2.241010904E+00 2.025139809E+00 1.799035192E+00 1.567077637E+00
 1.335336804E+00 1.112447262E+00 9.042782784E-01 7.129411697E-01 5.410543084E-01
 3.915239573E-01 2.672611177E-01 1.711613089E-01 1.029825062E-01 5.677203462E-02
 2.857919782E-02 1.307309512E-02 5.385611672E-03 1.946530421E-03
 7.272849316E+14 8.035134205E+14 8.751873650E+14 9.605503097E+14 1.061809398E+15
 1.179394530E+15 1.322081128E+15 1.499905122E+15 1.730428902E+15 2.028494800E+15
 2.403839777E+15 2.847214083E+15 3.323928341E+15 3.789037060E+15 4.200452246E+15
 4.535125761E+15 4.798466849E+15 5.000987442E+15 5.152175123E+15 5.252051366E+15
 5.310515534E+15 5.346136383E+15 5.363087008E+15 5.356138824E+15 5.340940009E+15
 5.317570555E+15 5.283742319E+15 5.247184094E+15 5.205923417E+15 5.161473190E+15
 5.115431140E+15 5.066571056E+15 5.017634735E+15 4.967171554E+15 4.916757765E+15
 4.865257349E+15 4.813847127E+15 4.761772796E+15 4.709957774E+15 4.657830292E+15
 4.606415776E+15 4.554842345E+15 4.504457010E+15 4.453922425E+15 4.405027980E+15
 4.355915298E+15 4.308905539E+15 4.261577146E+15 4.216936599E+15 4.172092040E+15
 4.129738294E+15 4.087387768E+15 4.047062052E+15 4.007243947E+15 3.968953777E+15
 3.932125774E+15 3.896278098E+15 3.862285580E+15 3.829002804E+15 3.797509957E+15
 3.766766044E+15 3.737221232E+15 3.708746404E+15 3.680216816E+15 3.653229120E+15
 3.624257687E+15 3.596649100E+15 3.565697418E+15 3.534487770E+15 3.500556992E+15
 3.460879010E+15 3.419257556E+15 3.367975646E+15 3.310852581E+15 3.246796097E+15
 3.165194134E+15 3.073692809E+15 2.969489386E+15 2.838143112E+15 2.692221598E+15
 2.529155917E+15 2.343252015E+15 2.139040816E+15 1.923437484E+15 1.701475722E+15
 1.480984046E+15 1.274933259E+15 1.093304058E+15 9.379986444E+14 8.087984448E+14
 7.032937812E+14 6.180897502E+14 5.505391421E+14 4.975672972E+14 4.547875439E+14
 4.199668347E+14 3.909663431E+14 3.661772012E+14 3.449226495E+14
 2.403157673E-08 3.490085589E-07 1.313448024E-06 4.586866908E-06 1.646928831E-05
 5.570052599E-05 1.593679044E-04 3.698980436E-04 7.311932277E-04 1.220730832E-03
 1.775266370E-03 2.339704894E-03 2.879447769E-03 3.374021268E-03 3.802982625E-03
 4.153208341E-03 4.431186244E-03 4.646821879E-03 4.809408914E-03 4.919020925E-03
 4.985539243E-03 5.027420353E-03 5.048782565E-03 5.043550394E-03 5.028950516E-03
 5.005089566E-03 4.969117697E-03 4.929889459E-03 4.885179922E-03 4.836949054E-03
 4.787003156E-03 4.734138492E-03 4.681209568E-03 4.626858048E-03 4.572817590E-03
 4.518005066E-03 4.463782534E-03 4.409181885E-03 4.355493002E-03 4.301682115E-03
 4.249255639E-03 4.196790978E-03 4.146127496E-03 4.095419310E-03 4.046827555E-03
 3.998155706E-03 3.951856401E-03 3.905441612E-03 3.861756064E-03 3.818122670E-03
 3.776875557E-03 3.735909471E-03 3.696792061E-03 3.658363363E-03 3.621297423E-03
 3.585691331E-03 3.550952068E-03 3.517948557E-03 3.485569265E-03 3.454797901E-03
 3.424678463E-03 3.395570442E-03 3.367382567E-03 3.339044284E-03 3.312017536E-03
 3.283123951E-03 3.255361691E-03 3.224576591E-03 3.193424549E-03 3.159822430E-03
 3.120895708E-03 3.080121009E-03 3.030631458E-03 2.975547919E-03 2.914145589E-03
 2.836404368E-03 2.749399515E-03 2.650708193E-03 2.527182922E-03 2.389721572E-03
 2.236099681E-03 2.060750499E-03 1.869053114E-03 1.667259960E-03 1.459024614E-03
 1.249534427E-03 1.046236139E-03 8.545922465E-04 6.769123720E-04 5.159427528E-04
 3.747830924E-04 2.565985196E-04 1.645518932E-04 9.883241000E-05 5.409017467E-05
 2.674459574E-05 1.174104364E-05 4.404164429E-06 1.241381028E-06
 6.860616211E+03 5.328145703E+04 5.974592188E+04 4.767411719E+04 4.117306250E+04
 3.980626172E+04 4.052671484E+04 4.164375000E+04 4.259278516E+04 4.325955078E+04
 4.372653125E+04 4.408242969E+04 4.438524219E+04 4.466024219E+04 4.491076172E+04
 4.512031250E+04 4.529017188E+04 4.542869141E+04 4.554115234E+04 4.562406641E+04
 4.567828906E+04 4.571327734E+04 4.573121484E+04 4.572270703E+04 4.570305859E+04
 4.567293359E+04 4.562648828E+04 4.557478906E+04 4.551600781E+04 4.545131641E+04
 4.538463672E+04 4.531475000E+04 4.524448438E+04 4.517490625E+04 4.510612109E+04
 4.503940234E+04 4.497532812E+04 4.491331641E+04 4.485576562E+04 4.479971484E+04
 4.474916797E+04 4.469964062E+04 4.465573047E+04 4.461271875E+04 4.457455078E+04
 4.453755859E+04 4.450398047E+04 4.447214844E+04 4.444226172E+04 4.441479297E+04
 4.438775391E+04 4.436339453E+04 4.433851562E+04 4.431561719E+04 4.429205859E+04
 4.426943359E+04 4.424629688E+04 4.422318359E+04 4.419967188E+04 4.417558594E+04
 4.415106250E+04 4.412585938E+04 4.410003906E+04 4.407397656E+04 4.404709375E+04
 4.402090625E+04 4.399423047E+04 4.396902734E+04 4.394484766E+04 4.392210938E+04
 4.390444141E+04 4.388916406E+04 4.388114062E+04 4.388072656E+04 4.388618750E+04
 4.390926562E+04 4.394351562E+04 4.398989062E+04 4.406453125E+04 4.415685938E+04
 4.426922266E+04 4.441131641E+04 4.458053125E+04 4.477016797E+04 4.497803906E+04
 4.520066406E+04 4.542990625E+04 4.565553906E+04 4.587085938E+04 4.606978516E+04
 4.624293359E+04 4.637196094E+04 4.641814453E+04 4.630583594E+04 4.592991797E+04
 4.503497656E+04 4.316533594E+04 3.918269922E+04 3.007520508E+04
 5.912673473E-01 4.591947079E+00 5.149073124E+00 4.108690739E+00 3.548410892E+00
 3.430616379E+00 3.492707253E+00 3.588976145E+00 3.670766830E+00 3.728230715E+00
 3.768476248E+00 3.799148798E+00 3.825245857E+00 3.848946333E+00 3.870536566E+00
 3.888596296E+00 3.903235435E+00 3.915173531E+00 3.924865723E+00 3.932011366E+00
 3.936684370E+00 3.939699650E+00 3.941245556E+00 3.940512419E+00 3.938818932E+00
 3.936222553E+00 3.932219982E+00 3.927764416E+00 3.922698736E+00 3.917123318E+00
 3.911376476E+00 3.905353546E+00 3.899297953E+00 3.893301725E+00 3.887373447E+00
 3.881623268E+00 3.876101017E+00 3.870756626E+00 3.865797043E+00 3.860966206E+00
 3.856609821E+00 3.852341890E+00 3.848557472E+00 3.844850779E+00 3.841561079E+00
 3.838372946E+00 3.835479021E+00 3.832735777E+00 3.830159903E+00 3.827792645E+00
 3.825462580E+00 3.823363066E+00 3.821219206E+00 3.819245577E+00 3.817215204E+00
 3.815265179E+00 3.813271284E+00 3.811279297E+00 3.809252977E+00 3.807177067E+00
 3.805063725E+00 3.802891731E+00 3.800666332E+00 3.798419952E+00 3.796103239E+00
 3.793846607E+00 3.791547537E+00 3.789375305E+00 3.787291288E+00 3.785331964E+00
 3.783808947E+00 3.782492638E+00 3.781801224E+00 3.781765461E+00 3.782236099E+00
 3.784225225E+00 3.787176847E+00 3.791173458E+00 3.797606468E+00 3.805563211E+00
 3.815247059E+00 3.827493191E+00 3.842076778E+00 3.858419895E+00 3.876334667E+00
 3.895521402E+00 3.915278435E+00 3.934723854E+00 3.953280687E+00 3.970424652E+00
 3.985347033E+00 3.996466875E+00 4.000447273E+00 3.990768433E+00 3.958370447E+00
 3.881242037E+00 3.720110893E+00 3.376876354E+00 2.591966629E+00
 1.391166747E-01 1.104757786E+01 2.103552818E+01 3.000037193E+01 3.785868835E+01
 4.452060699E+01 4.993016434E+01 5.411984253E+01 5.704918671E+01 5.896306610E+01
 6.017818069E+01 6.093754578E+01 6.141270447E+01 6.170446777E+01 6.185859680E+01
 6.191043854E+01 6.189258575E+01 6.182263565E+01 6.171312714E+01 6.156821060E+01
 6.139641953E+01 6.121011353E+01 6.101282883E+01 6.080188370E+01 6.058594894E+01
 6.036634827E+01 6.014162064E+01 5.991522980E+01 5.968804169E+01 5.945884323E+01
 5.922955322E+01 5.899996948E+01 5.876992798E+01 5.854095459E+01 5.831121063E+01
 5.808247375E+01 5.785309982E+01 5.762446976E+01 5.739572525E+01 5.716744995E+01
 5.693955612E+01 5.671200180E+01 5.648519516E+01 5.625872421E+01 5.603321075E+01
 5.580818176E+01 5.558419800E+01 5.536101532E+01 5.513964462E+01 5.491988373E+01
 5.470094681E+01 5.448364639E+01 5.426665497E+01 5.405088425E+01 5.383570862E+01
 5.362297440E+01 5.341071701E+01 5.320114899E+01 5.299200439E+01 5.278550720E+01
 5.257954407E+01 5.237571335E+01 5.217269516E+01 5.197062683E+01 5.176967621E+01
 5.156776428E+01 5.136657333E+01 5.116277695E+01 5.095756531E+01 5.074978256E+01
 5.053413773E+01 5.031509018E+01 5.008375549E+01 4.984107208E+01 4.958835983E+01
 4.930525970E+01 4.900128937E+01 4.867415619E+01 4.828690338E+01 4.785648346E+01
 4.737512970E+01 4.681189346E+01 4.615129852E+01 4.539824677E+01 4.454003143E+01
 4.356293488E+01 4.243955231E+01 4.115037537E+01 3.967575073E+01 3.797312927E+01
 3.599309540E+01 3.368646622E+01 3.099028587E+01 2.785613632E+01 2.430633163E+01
 2.032007217E+01 1.589047718E+01 1.102850533E+01 5.746344566E+00
ZONE T="Extracted Points"
 STRANDID=0, SOLUTIONTIME=0
 I=99, J=1, K=1, ZONETYPE=Ordered
 DATAPACKING=BLOCK
 DT=(SINGLE SINGLE SINGLE SINGLE SINGLE SINGLE SINGLE SINGLE SINGLE SINGLE )
 0.000000000E+00 2.565656614E-04 5.131313228E-04 7.696969551E-04 1.026262646E-03
 1.282828278E-03 1.539393910E-03 1.795959543E-03 2.052525291E-03 2.309090924E-03
 2.565656556E-03 2.822222188E-03 3.078787820E-03 3.335353453E-03 3.591919085E-03
 3.848484950E-03 4.105050582E-03 4.361615982E-03 4.618181847E-03 4.874747247E-03
 5.131313112E-03 5.387878977E-03 5.644444376E-03 5.901010241E-03 6.157575641E-03
 6.414141506E-03 6.670706905E-03 6.927272771E-03 7.183838170E-03 7.440404035E-03
 7.696969900E-03 7.953535765E-03 8.210101165E-03 8.466666564E-03 8.723231964E-03
 8.979798295E-03 9.236363694E-03 9.492929094E-03 9.749494493E-03 1.000606082E-02
 1.026262622E-02 1.051919162E-02 1.077575795E-02 1.103232335E-02 1.128888875E-02
 1.154545415E-02 1.180202048E-02 1.205858588E-02 1.231515128E-02 1.257171761E-02
 1.282828301E-02 1.308484841E-02 1.334141381E-02 1.359798014E-02 1.385454554E-02
 1.411111094E-02 1.436767634E-02 1.462424267E-02 1.488080807E-02 1.513737347E-02
 1.539393980E-02 1.565050520E-02 1.590707153E-02 1.616363600E-02 1.642020233E-02
 1.667676680E-02 1.693333313E-02 1.718989946E-02 1.744646393E-02 1.770303026E-02
 1.795959659E-02 1.821616106E-02 1.847272739E-02 1.872929372E-02 1.898585819E-02
 1.924242452E-02 1.949898899E-02 1.975555532E-02 2.001212165E-02 2.026868612E-02
 2.052525245E-02 2.078181878E-02 2.103838325E-02 2.129494958E-02 2.155151591E-02
 2.180808038E-02 2.206464671E-02 2.232121304E-02 2.257777750E-02 2.283434384E-02
 2.309090830E-02 2.334747463E-02 2.360404097E-02 2.386060543E-02 2.411717176E-02
 2.437373810E-02 2.463030256E-02 2.488686889E-02 2.514343522E-02
 6.349999923E-03 6.349999923E-03 6.349999923E-03 6.349999923E-03 6.349999923E-03
 6.349999923E-03 6.349999923E-03 6.349999923E-03 6.349999923E-03 6.349999923E-03
 6.349999923E-03 6.349999923E-03 6.349999923E-03 6.349999923E-03 6.349999923E-03
 6.349999923E-03 6.349999923E-03 6.349999923E-03 6.349999923E-03 6.349999923E-03
 6.349999923E-03 6.349999923E-03 6.349999923E-03 6.349999923E-03 6.349999923E-03
 6.349999923E-03 6.349999923E-03 6.349999923E-03 6.349999923E-03 6.349999923E-03
 6.349999923E-03 6.349999923E-03 6.349999923E-03 6.349999923E-03 6.349999923E-03
 6.349999923E-03 6.349999923E-03 6.349999923E-03 6.349999923E-03 6.349999923E-03
 6.349999923E-03 6.349999923E-03 6.349999923E-03 6.349999923E-03 6.349999923E-03
 6.349999923E-03 6.349999923E-03 6.349999923E-03 6.349999923E-03 6.349999923E-03
 6.349999923E-03 6.349999923E-03 6.349999923E-03 6.349999923E-03 6.349999923E-03
 6.349999923E-03 6.349999923E-03 6.349999923E-03 6.349999923E-03 6.349999923E-03
 6.349999923E-03 6.349999923E-03 6.349999923E-03 6.349999923E-03 6.349999923E-03
 6.349999923E-03 6.349999923E-03 6.349999923E-03 6.349999923E-03 6.349999923E-03
 6.349999923E-03 6.349999923E-03 6.349999923E-03 6.349999923E-03 6.349999923E-03
 6.349999923E-03 6.349999923E-03 6.349999923E-03 6.349999923E-03 6.349999923E-03
 6.349999923E-03 6.349999923E-03 6.349999923E-03 6.349999923E-03 6.349999923E-03
 6.349999923E-03 6.349999923E-03 6.349999923E-03 6.349999923E-03 6.349999923E-03
 6.349999923E-03 6.349999923E-03 6.349999923E-03 6.349999923E-03 6.349999923E-03
 6.349999923E-03 6.349999923E-03 6.349999923E-03 6.349999923E-03
 0.000000000E+00 0.000000000E+00 0.000000000E+00 0.000000000E+00 0.000000000E+00
 0.000000000E+00 0.000000000E+00 0.000000000E+00 0.000000000E+00 0.000000000E+00
 0.000000000E+00 0.000000000E+00 0.000000000E+00 0.000000000E+00 0.000000000E+00
 0.000000000E+00 0.000000000E+00 0.000000000E+00 0.000000000E+00 0.000000000E+00
 0.000000000E+00 0.000000000E+00 0.000000000E+00 0.000000000E+00 0.000000000E+00
 0.000000000E+00 0.000000000E+00 0.000000000E+00 0.000000000E+00 0.000000000E+00
 0.000000000E+00 0.000000000E+00 0.000000000E+00 0.000000000E+00 0.000000000E+00
 0.000000000E+00 0.000000000E+00 0.000000000E+00 0.000000000E+00 0.000000000E+00
 0.000000000E+00 0.000000000E+00 0.000000000E+00 0.000000000E+00 0.000000000E+00
 0.000000000E+00 0.000000000E+00 0.000000000E+00 0.000000000E+00 0.000000000E+00
 0.000000000E+00 0.000000000E+00 0.000000000E+00 0.000000000E+00 0.000000000E+00
 0.000000000E+00 0.000000000E+00 0.000000000E+00 0.000000000E+00 0.000000000E+00
 0.000000000E+00 0.000000000E+00 0.000000000E+00 0.000000000E+00 0.000000000E+00
 0.000000000E+00 0.000000000E+00 0.000000000E+00 0.000000000E+00 0.000000000E+00
 0.000000000E+00 0.000000000E+00 0.000000000E+00 0.000000000E+00 0.000000000E+00
 0.000000000E+00 0.000000000E+00 0.000000000E+00 0.000000000E+00 0.000000000E+00
 0.000000000E+00 0.000000000E+00 0.000000000E+00 0.000000000E+00 0.000000000E+00
 0.000000000E+00 0.000000000E+00 0.000000000E+00 0.000000000E+00 0.000000000E+00
 0.000000000E+00 0.000000000E+00 0.000000000E+00 0.000000000E+00 0.000000000E+00
 0.000000000E+00 0.000000000E+00 0.000000000E+00 0.000000000E+00
 2.818571533E+03 2.824448975E+03 2.827114502E+03 2.829146484E+03 2.830856934E+03
 2.832366211E+03 2.833731201E+03 2.834991455E+03 2.836159912E+03 2.837255615E+03
 2.838293213E+03 2.839280762E+03 2.840225098E+03 2.841131348E+03 2.842001709E+03
 2.842839600E+03 2.843650879E+03 2.844438477E+03 2.845205322E+03 2.845949219E+03
 2.846671143E+03 2.847378174E+03 2.848071533E+03 2.848742188E+03 2.849401855E+03
 2.850051270E+03 2.850681152E+03 2.851303467E+03 2.851914062E+03 2.852511475E+03
 2.853103516E+03 2.853679688E+03 2.854250732E+03 2.854811279E+03 2.855363525E+03
 2.855908936E+03 2.856444580E+03 2.856975830E+03 2.857496094E+03 2.858013916E+03
 2.858520264E+03 2.859025391E+03 2.859519531E+03 2.860012207E+03 2.860494873E+03
 2.860976318E+03 2.861448730E+03 2.861918945E+03 2.862382080E+03 2.862841553E+03
 2.863301270E+03 2.863760986E+03 2.864224121E+03 2.864694336E+03 2.865166748E+03
 2.865647949E+03 2.866130615E+03 2.866623535E+03 2.867117432E+03 2.867622559E+03
 2.868128906E+03 2.868646729E+03 2.869166992E+03 2.869698486E+03 2.870233887E+03
 2.870779297E+03 2.871331787E+03 2.871892090E+03 2.872463135E+03 2.873039551E+03
 2.873631348E+03 2.874228760E+03 2.874839355E+03 2.875461670E+03 2.876091553E+03
 2.876740967E+03 2.877400879E+03 2.878071533E+03 2.878764893E+03 2.879471680E+03
 2.880193848E+03 2.880937500E+03 2.881704346E+03 2.882492188E+03 2.883303467E+03
 2.884141113E+03 2.885011475E+03 2.885917969E+03 2.886862061E+03 2.887849609E+03
 2.888887207E+03 2.889982910E+03 2.891151367E+03 2.892411621E+03 2.893776855E+03
 2.895285889E+03 2.896996338E+03 2.899028320E+03 2.901693848E+03
 3.454849720E-01 5.172894001E-01 6.940671802E-01 8.636133671E-01 1.025453687E+00
 1.187133074E+00 1.361136436E+00 1.558772564E+00 1.797040343E+00 2.087671518E+00
 2.435571909E+00 2.835215807E+00 3.267173529E+00 3.701817513E+00 4.103123188E+00
 4.441765308E+00 4.715172768E+00 4.929479599E+00 5.091714859E+00 5.200686455E+00
 5.266925812E+00 5.309029579E+00 5.331111431E+00 5.327744007E+00 5.315577507E+00
 5.294676781E+00 5.262478352E+00 5.227253914E+00 5.186863899E+00 5.143103600E+00
 5.097668171E+00 5.049181461E+00 5.000504971E+00 4.950086594E+00 4.899659634E+00
 4.848119259E+00 4.796650410E+00 4.744524956E+00 4.692655087E+00 4.640479088E+00
 4.588989258E+00 4.537342548E+00 4.486865044E+00 4.436243057E+00 4.387255669E+00
 4.338059425E+00 4.290957451E+00 4.243548393E+00 4.198808193E+00 4.153875351E+00
 4.111418724E+00 4.068985462E+00 4.028561592E+00 3.988659620E+00 3.950271606E+00
 3.913335800E+00 3.877372026E+00 3.843242645E+00 3.809815884E+00 3.778139353E+00
 3.747197628E+00 3.717372417E+00 3.688585281E+00 3.659623623E+00 3.632136822E+00
 3.602538347E+00 3.574185371E+00 3.542396545E+00 3.510095358E+00 3.474988937E+00
 3.433627844E+00 3.390054703E+00 3.336330175E+00 3.275894165E+00 3.208055735E+00
 3.120852232E+00 3.022380829E+00 2.909916639E+00 2.766329050E+00 2.603422642E+00
 2.417478800E+00 2.197182178E+00 1.942367554E+00 1.660754561E+00 1.357344270E+00
 1.043011546E+00 7.432736754E-01 4.892265201E-01 2.943091094E-01 1.608225256E-01
 7.958083600E-02 3.562703729E-02 1.485447027E-02 6.090899929E-03 2.345902380E-03
 9.209303535E-04 4.252198851E-04 2.549207129E-04 1.976301864E-04
 7.373598512E+14 7.911654566E+14 8.607097684E+14 9.446971157E+14 1.044804281E+15
 1.162024743E+15 1.305782264E+15 1.486112372E+15 1.720688587E+15 2.023462441E+15
 2.401676992E+15 2.844195794E+15 3.317071425E+15 3.777877661E+15 4.187020272E+15
 4.521738348E+15 4.786302965E+15 4.990593084E+15 5.143736586E+15 5.245582608E+15
 5.305954279E+15 5.343274861E+15 5.361663763E+15 5.355773215E+15 5.341477954E+15
 5.318870319E+15 5.285507014E+15 5.249316008E+15 5.208281354E+15 5.163978230E+15
 5.118051607E+15 5.069225345E+15 5.020291709E+15 4.969779136E+15 4.919299848E+15
 4.867731250E+15 4.816241571E+15 4.764091541E+15 4.712202968E+15 4.660005693E+15
 4.608520310E+15 4.556877623E+15 4.506424642E+15 4.455824290E+15 4.406867837E+15
 4.357696099E+15 4.310625941E+15 4.263240641E+15 4.218543722E+15 4.173649502E+15
 4.131242337E+15 4.088844836E+15 4.048468922E+15 4.008604110E+15 3.970265353E+15
 3.933390374E+15 3.897495453E+15 3.863459180E+15 3.830131844E+15 3.798596852E+15
 3.767809989E+15 3.738223570E+15 3.709708209E+15 3.681144260E+15 3.654129721E+15
 3.625142987E+15 3.597536816E+15 3.566597482E+15 3.535439374E+15 3.501571946E+15
 3.462025229E+15 3.420564836E+15 3.369490427E+15 3.312667473E+15 3.248954586E+15
 3.167866409E+15 3.076964231E+15 2.973438877E+15 2.842893077E+15 2.697942226E+15
 2.535997531E+15 2.351428828E+15 2.148546921E+15 1.934216644E+15 1.713379761E+15
 1.493706142E+15 1.287773600E+15 1.105377949E+15 9.485456077E+14 8.173340213E+14
 7.097383796E+14 6.226403352E+14 5.535726305E+14 4.995280169E+14 4.560390906E+14
 4.208216339E+14 3.916213256E+14 3.667174275E+14 3.454391865E+14
 4.415012882E-05 3.088077065E-04 5.693251733E-04 7.858544122E-04 9.742788970E-04
 1.145110698E-03 1.314261928E-03 1.497292775E-03 1.711377874E-03 1.970621757E-03
 2.284430666E-03 2.650713548E-03 3.053194610E-03 3.464820096E-03 3.851841902E-03
 4.185047466E-03 4.458896350E-03 4.677705467E-03 4.847375210E-03 4.966405686E-03
 5.043596961E-03 5.096664187E-03 5.129649304E-03 5.136117339E-03 5.132960156E-03
 5.120479967E-03 5.095244851E-03 5.066352431E-03 5.031604320E-03 4.992506467E-03
 4.951441661E-03 4.906484857E-03 4.861063324E-03 4.813531879E-03 4.765659105E-03
 4.716538358E-03 4.667213187E-03 4.617197905E-03 4.567251541E-03 4.516995046E-03
 4.467305262E-03 4.417466000E-03 4.368719645E-03 4.319841973E-03 4.272544757E-03
 4.225064069E-03 4.179626238E-03 4.133930430E-03 4.090848844E-03 4.047655500E-03
 4.006896634E-03 3.966291901E-03 3.927660175E-03 3.889725544E-03 3.853283357E-03
 3.818516620E-03 3.784723114E-03 3.753111931E-03 3.722222522E-03 3.693605075E-03
 3.665776923E-03 3.639787901E-03 3.614974674E-03 3.590895096E-03 3.568596905E-03
 3.545220010E-03 3.523714142E-03 3.499764716E-03 3.476427170E-03 3.450959455E-03
 3.421104746E-03 3.389590187E-03 3.349585226E-03 3.303737845E-03 3.251282731E-03
 3.180640284E-03 3.098696936E-03 3.003062448E-03 2.875259612E-03 2.726347419E-03
 2.552379854E-03 2.340233419E-03 2.087396337E-03 1.801706851E-03 1.487579662E-03
 1.155955950E-03 8.334640879E-04 5.554102245E-04 3.388664336E-04 1.883461809E-04
 9.527766088E-05 4.399727914E-05 1.919634633E-05 8.394300494E-06 3.573685717E-06
 1.587955239E-06 7.847953611E-07 4.222245877E-07 2.059514372E-07
 6.170726074E+03 2.858068750E+04 3.952812500E+04 4.389522266E+04 4.585357812E+04
 4.657422656E+04 4.663797266E+04 4.640170312E+04 4.600807031E+04 4.560251953E+04
 4.530893359E+04 4.515464062E+04 4.512817578E+04 4.519826953E+04 4.533270312E+04
 4.549724609E+04 4.566319922E+04 4.582312500E+04 4.597437109E+04 4.611669531E+04
 4.624466016E+04 4.636162109E+04 4.646850000E+04 4.655635938E+04 4.663488672E+04
 4.670475000E+04 4.675901953E+04 4.680766016E+04 4.684783203E+04 4.687985156E+04
 4.690850000E+04 4.692889062E+04 4.694754688E+04 4.696135156E+04 4.697343359E+04
 4.698288672E+04 4.699103906E+04 4.699783203E+04 4.700374219E+04 4.700900781E+04
 4.701386719E+04 4.701838281E+04 4.702297656E+04 4.702726953E+04 4.703211719E+04
 4.703656250E+04 4.704205078E+04 4.704696484E+04 4.705358203E+04 4.705966406E+04
 4.706780078E+04 4.707600000E+04 4.708600000E+04 4.709716406E+04 4.710971094E+04
 4.712499609E+04 4.714133984E+04 4.716260156E+04 4.718485547E+04 4.721457031E+04
 4.724579688E+04 4.728705078E+04 4.733140625E+04 4.738776562E+04 4.745053906E+04
 4.752597266E+04 4.761342578E+04 4.771258594E+04 4.783208203E+04 4.796002734E+04
 4.811906250E+04 4.828957812E+04 4.848651953E+04 4.870842578E+04 4.894624219E+04
 4.922408203E+04 4.952326172E+04 4.984419531E+04 5.020891406E+04 5.059755469E+04
 5.101222266E+04 5.146242969E+04 5.194841797E+04 5.246475781E+04 5.301456250E+04
 5.360377734E+04 5.424922266E+04 5.497629297E+04 5.582154688E+04 5.685590234E+04
 5.820924609E+04 6.012251562E+04 6.309222656E+04 6.800478906E+04 7.543532031E+04
 8.430017188E+04 8.915229688E+04 7.957156250E+04 5.002403906E+04
 5.318106413E-01 2.463164568E+00 3.406645775E+00 3.783014536E+00 3.951791286E+00
 4.013898849E+00 4.019392490E+00 3.999030113E+00 3.965105772E+00 3.930154085E+00
 3.904852152E+00 3.891554832E+00 3.889274120E+00 3.895314932E+00 3.906901121E+00
 3.921081543E+00 3.935384035E+00 3.949166775E+00 3.962201595E+00 3.974467516E+00
 3.985496044E+00 3.995575905E+00 4.004786968E+00 4.012359142E+00 4.019126892E+00
 4.025147438E+00 4.029824734E+00 4.034017086E+00 4.037478924E+00 4.040238380E+00
 4.042707443E+00 4.044464588E+00 4.046072483E+00 4.047262192E+00 4.048303604E+00
 4.049118042E+00 4.049820900E+00 4.050406456E+00 4.050915718E+00 4.051369667E+00
 4.051788330E+00 4.052177429E+00 4.052573204E+00 4.052943230E+00 4.053360939E+00
 4.053744316E+00 4.054217339E+00 4.054640770E+00 4.055211067E+00 4.055735111E+00
 4.056436539E+00 4.057143211E+00 4.058004856E+00 4.058967113E+00 4.060048580E+00
 4.061366081E+00 4.062774181E+00 4.064606667E+00 4.066524506E+00 4.069085598E+00
 4.071776390E+00 4.075332165E+00 4.079154491E+00 4.084012032E+00 4.089421749E+00
 4.095922947E+00 4.103460312E+00 4.112005711E+00 4.122304440E+00 4.133331299E+00
 4.147037506E+00 4.161732674E+00 4.178705692E+00 4.197830200E+00 4.218325615E+00
 4.242270947E+00 4.268054962E+00 4.295714378E+00 4.327146530E+00 4.360640526E+00
 4.396378040E+00 4.435177803E+00 4.477061749E+00 4.521561146E+00 4.568944931E+00
 4.619725227E+00 4.675351620E+00 4.738012791E+00 4.810859203E+00 4.900002956E+00
 5.016637802E+00 5.181529045E+00 5.437467098E+00 5.860845566E+00 6.501229763E+00
 7.265227795E+00 7.683397293E+00 6.857702732E+00 4.311213493E+00
 1.000076447E+02 1.004219971E+02 1.005202103E+02 1.004199600E+02 1.002277451E+02
 1.000205231E+02 9.985266113E+01 9.975554657E+01 9.976007080E+01 9.987328339E+01
 1.000798721E+02 1.003466644E+02 1.006283417E+02 1.008814163E+02 1.010706940E+02
 1.011834030E+02 1.012329483E+02 1.012314606E+02 1.011891098E+02 1.011088867E+02
 1.009999542E+02 1.008749695E+02 1.007372437E+02 1.005833511E+02 1.004234848E+02
 1.002585297E+02 1.000862274E+02 9.991144562E+01 9.973417664E+01 9.955348969E+01
 9.937191010E+01 9.918791962E+01 9.900283051E+01 9.881721497E+01 9.862973022E+01
 9.844219971E+01 9.825254059E+01 9.806298065E+01 9.787152863E+01 9.768018341E+01
 9.748728943E+01 9.729452515E+01 9.710053253E+01 9.690673065E+01 9.671193695E+01
 9.651747131E+01 9.632220459E+01 9.612750244E+01 9.593283081E+01 9.573932648E+01
 9.554525757E+01 9.535215759E+01 9.515838623E+01 9.496493530E+01 9.477139282E+01
 9.457900238E+01 9.438666534E+01 9.419560242E+01 9.400465393E+01 9.381495667E+01
 9.362545776E+01 9.343686676E+01 9.324858093E+01 9.306036377E+01 9.287245941E+01
 9.268318939E+01 9.249353027E+01 9.230122375E+01 9.210618591E+01 9.190859222E+01
 9.170214081E+01 9.149179077E+01 9.126905823E+01 9.103382874E+01 9.078848267E+01
 9.051167297E+01 9.021237946E+01 8.988910675E+01 8.949985504E+01 8.905840302E+01
 8.855332184E+01 8.793746948E+01 8.715684509E+01 8.618592072E+01 8.496090698E+01
 8.339786530E+01 8.133631134E+01 7.866500092E+01 7.535192871E+01 7.135714722E+01
 6.667989349E+01 6.135265350E+01 5.539981842E+01 4.886223221E+01 4.183851242E+01
 3.435320663E+01 2.641426659E+01 1.805179024E+01 9.276741028E+00
ZONE T="Extracted Points"
 STRANDID=0, SOLUTIONTIME=0
 I=99, J=1, K=1, ZONETYPE=Ordered
 DATAPACKING=BLOCK
 DT=(SINGLE SINGLE SINGLE SINGLE SINGLE SINGLE SINGLE SINGLE SINGLE SINGLE )
 0.000000000E+00 2.565656614E-04 5.131313228E-04 7.696969551E-04 1.026262646E-03
 1.282828278E-03 1.539393910E-03 1.795959543E-03 2.052525291E-03 2.309090924E-03
 2.565656556E-03 2.822222188E-03 3.078787820E-03 3.335353453E-03 3.591919085E-03
 3.848484950E-03 4.105050582E-03 4.361615982E-03 4.618181847E-03 4.874747247E-03
 5.131313112E-03 5.387878977E-03 5.644444376E-03 5.901010241E-03 6.157575641E-03
 6.414141506E-03 6.670706905E-03 6.927272771E-03 7.183838170E-03 7.440404035E-03
 7.696969900E-03 7.953535765E-03 8.210101165E-03 8.466666564E-03 8.723231964E-03
 8.979798295E-03 9.236363694E-03 9.492929094E-03 9.749494493E-03 1.000606082E-02
 1.026262622E-02 1.051919162E-02 1.077575795E-02 1.103232335E-02 1.128888875E-02
 1.154545415E-02 1.180202048E-02 1.205858588E-02 1.231515128E-02 1.257171761E-02
 1.282828301E-02 1.308484841E-02 1.334141381E-02 1.359798014E-02 1.385454554E-02
 1.411111094E-02 1.436767634E-02 1.462424267E-02 1.488080807E-02 1.513737347E-02
 1.539393980E-02 1.565050520E-02 1.590707153E-02 1.616363600E-02 1.642020233E-02
 1.667676680E-02 1.693333313E-02 1.718989946E-02 1.744646393E-02 1.770303026E-02
 1.795959659E-02 1.821616106E-02 1.847272739E-02 1.872929372E-02 1.898585819E-02
 1.924242452E-02 1.949898899E-02 1.975555532E-02 2.001212165E-02 2.026868612E-02
 2.052525245E-02 2.078181878E-02 2.103838325E-02 2.129494958E-02 2.155151591E-02
 2.180808038E-02 2.206464671E-02 2.232121304E-02 2.257777750E-02 2.283434384E-02
 2.309090830E-02 2.334747463E-02 2.360404097E-02 2.386060543E-02 2.411717176E-02
 2.437373810E-02 2.463030256E-02 2.488686889E-02 2.514343522E-02
 6.349999923E-03 6.349999923E-03 6.349999923E-03 6.349999923E-03 6.349999923E-03
 6.349999923E-03 6.349999923E-03 6.349999923E-03 6.349999923E-03 6.349999923E-03
 6.349999923E-03 6.349999923E-03 6.349999923E-03 6.349999923E-03 6.349999923E-03
 6.349999923E-03 6.349999923E-03 6.349999923E-03 6.349999923E-03 6.349999923E-03
 6.349999923E-03 6.349999923E-03 6.349999923E-03 6.349999923E-03 6.349999923E-03
 6.349999923E-03 6.349999923E-03 6.349999923E-03 6.349999923E-03 6.349999923E-03
 6.349999923E-03 6.349999923E-03 6.349999923E-03 6.349999923E-03 6.349999923E-03
 6.349999923E-03 6.349999923E-03 6.349999923E-03 6.349999923E-03 6.349999923E-03
 6.349999923E-03 6.349999923E-03 6.349999923E-03 6.349999923E-03 6.349999923E-03
 6.349999923E-03 6.349999923E-03 6.349999923E-03 6.349999923E-03 6.349999923E-03
 6.349999923E-03 6.349999923E-03 6.349999923E-03 6.349999923E-03 6.349999923E-03
 6.349999923E-03 6.349999923E-03 6.349999923E-03 6.349999923E-03 6.349999923E-03
 6.349999923E-03 6.349999923E-03 6.349999923E-03 6.349999923E-03 6.349999923E-03
 6.349999923E-03 6.349999923E-03 6.349999923E-03 6.349999923E-03 6.349999923E-03
 6.349999923E-03 6.349999923E-03 6.349999923E-03 6.349999923E-03 6.349999923E-03
 6.349999923E-03 6.349999923E-03 6.349999923E-03 6.349999923E-03 6.349999923E-03
 6.349999923E-03 6.349999923E-03 6.349999923E-03 6.349999923E-03 6.349999923E-03
 6.349999923E-03 6.349999923E-03 6.349999923E-03 6.349999923E-03 6.349999923E-03
 6.349999923E-03 6.349999923E-03 6.349999923E-03 6.349999923E-03 6.349999923E-03
 6.349999923E-03 6.349999923E-03 6.349999923E-03 6.349999923E-03
 0.000000000E+00 0.000000000E+00 0.000000000E+00 0.000000000E+00 0.000000000E+00
 0.000000000E+00 0.000000000E+00 0.000000000E+00 0.000000000E+00 0.000000000E+00
 0.000000000E+00 0.000000000E+00 0.000000000E+00 0.000000000E+00 0.000000000E+00
 0.000000000E+00 0.000000000E+00 0.000000000E+00 0.000000000E+00 0.000000000E+00
 0.000000000E+00 0.000000000E+00 0.000000000E+00 0.000000000E+00 0.000000000E+00
 0.000000000E+00 0.000000000E+00 0.000000000E+00 0.000000000E+00 0.000000000E+00
 0.000000000E+00 0.000000000E+00 0.000000000E+00 0.000000000E+00 0.000000000E+00
 0.000000000E+00 0.000000000E+00 0.000000000E+00 0.000000000E+00 0.000000000E+00
 0.000000000E+00 0.000000000E+00 0.000000000E+00 0.000000000E+00 0.000000000E+00
 0.000000000E+00 0.000000000E+00 0.000000000E+00 0.000000000E+00 0.000000000E+00
 0.000000000E+00 0.000000000E+00 0.000000000E+00 0.000000000E+00 0.000000000E+00
 0.000000000E+00 0.000000000E+00 0.000000000E+00 0.000000000E+00 0.000000000E+00
 0.000000000E+00 0.000000000E+00 0.000000000E+00 0.000000000E+00 0.000000000E+00
 0.000000000E+00 0.000000000E+00 0.000000000E+00 0.000000000E+00 0.000000000E+00
 0.000000000E+00 0.000000000E+00 0.000000000E+00 0.000000000E+00 0.000000000E+00
 0.000000000E+00 0.000000000E+00 0.000000000E+00 0.000000000E+00 0.000000000E+00
 0.000000000E+00 0.000000000E+00 0.000000000E+00 0.000000000E+00 0.000000000E+00
 0.000000000E+00 0.000000000E+00 0.000000000E+00 0.000000000E+00 0.000000000E+00
 0.000000000E+00 0.000000000E+00 0.000000000E+00 0.000000000E+00 0.000000000E+00
 0.000000000E+00 0.000000000E+00 0.000000000E+00 0.000000000E+00
 2.818571533E+03 2.824448975E+03 2.827114502E+03 2.829146484E+03 2.830856934E+03
 2.832366211E+03 2.833731201E+03 2.834991455E+03 2.836159912E+03 2.837255615E+03
 2.838293213E+03 2.839280762E+03 2.840225098E+03 2.841131348E+03 2.842001709E+03
 2.842839600E+03 2.843650879E+03 2.844438477E+03 2.845205322E+03 2.845949219E+03
 2.846671143E+03 2.847378174E+03 2.848071533E+03 2.848742188E+03 2.849401855E+03
 2.850051270E+03 2.850681152E+03 2.851303467E+03 2.851914062E+03 2.852511475E+03
 2.853103516E+03 2.853679688E+03 2.854250732E+03 2.854811279E+03 2.855363525E+03
 2.855908936E+03 2.856444580E+03 2.856975830E+03 2.857496094E+03 2.858013916E+03
 2.858520264E+03 2.859025391E+03 2.859519531E+03 2.860012207E+03 2.860494873E+03
 2.860976318E+03 2.861448730E+03 2.861918945E+03 2.862382080E+03 2.862841553E+03
 2.863301270E+03 2.863760986E+03 2.864224121E+03 2.864694336E+03 2.865166748E+03
 2.865647949E+03 2.866130615E+03 2.866623535E+03 2.867117432E+03 2.867622559E+03
 2.868128906E+03 2.868646729E+03 2.869166992E+03 2.869698486E+03 2.870233887E+03
 2.870779297E+03 2.871331787E+03 2.871892090E+03 2.872463135E+03 2.873039551E+03
 2.873631348E+03 2.874228760E+03 2.874839355E+03 2.875461670E+03 2.876091553E+03
 2.876740967E+03 2.877400879E+03 2.878071533E+03 2.878764893E+03 2.879471680E+03
 2.880193848E+03 2.880937500E+03 2.881704346E+03 2.882492188E+03 2.883303467E+03
 2.884141113E+03 2.885011475E+03 2.885917969E+03 2.886862061E+03 2.887849609E+03
 2.888887207E+03 2.889982910E+03 2.891151367E+03 2.892411621E+03 2.893776855E+03
 2.895285889E+03 2.896996338E+03 2.899028320E+03 2.901693848E+03
 1.768458402E-03 9.991215542E-03 3.475168720E-02 9.577506781E-02 2.175445855E-01
 4.138761759E-01 6.837195158E-01 1.006526351E+00 1.369094610E+00 1.763739467E+00
 2.191298008E+00 2.648861170E+00 3.122915745E+00 3.589454889E+00 4.015835285E+00
 4.374649525E+00 4.664609432E+00 4.892473698E+00 5.065742970E+00 5.183135033E+00
 5.255548000E+00 5.302479744E+00 5.328237534E+00 5.327267647E+00 5.317108631E+00
 5.297813892E+00 5.266739845E+00 5.232499123E+00 5.192869663E+00 5.149729729E+00
 5.104850769E+00 5.056782246E+00 5.008494377E+00 4.958378792E+00 4.908236980E+00
 4.856946468E+00 4.805714130E+00 4.753807068E+00 4.702136517E+00 4.650149345E+00
 4.598826885E+00 4.547341347E+00 4.497004509E+00 4.446516991E+00 4.397647381E+00
 4.348560333E+00 4.301557541E+00 4.254236698E+00 4.209582806E+00 4.164721489E+00
 4.122342110E+00 4.079971313E+00 4.039614201E+00 3.999763250E+00 3.961428881E+00
 3.924536228E+00 3.888617039E+00 3.854530811E+00 3.821149111E+00 3.789533615E+00
 3.758656502E+00 3.728936911E+00 3.700262547E+00 3.671463728E+00 3.644159555E+00
 3.614793062E+00 3.586728573E+00 3.555270910E+00 3.523442030E+00 3.488850594E+00
 3.448289394E+00 3.405668736E+00 3.353191137E+00 3.294482946E+00 3.228644371E+00
 3.144443274E+00 3.049739838E+00 2.941735983E+00 2.804371357E+00 2.649623632E+00
 2.474202871E+00 2.269088268E+00 2.034684420E+00 1.776214361E+00 1.495747328E+00
 1.199158072E+00 9.017262459E-01 6.299122572E-01 4.035136402E-01 2.345124930E-01
 1.226934344E-01 5.752437562E-02 2.473104931E-02 1.021028310E-02 3.835888114E-03
 1.402338152E-03 5.666193319E-04 2.944201115E-04 2.079861006E-04
 7.277532844E+14 7.829109992E+14 8.536787727E+14 9.393814226E+14 1.042095700E+15
 1.163414030E+15 1.312488587E+15 1.498303905E+15 1.737462716E+15 2.042633698E+15
 2.419340851E+15 2.855623360E+15 3.319440368E+15 3.771778808E+15 4.175615792E+15
 4.508368652E+15 4.773106141E+15 4.978721795E+15 5.133671867E+15 5.237341640E+15
 5.299364726E+15 5.338120363E+15 5.357709172E+15 5.352717883E+15 5.339210211E+15
 5.317273129E+15 5.284424145E+15 5.248681964E+15 5.207992518E+15 5.163977693E+15
 5.118315211E+15 5.069690276E+15 5.020930586E+15 4.970535050E+15 4.920156694E+15
 4.868671311E+15 4.817255183E+15 4.765171726E+15 4.713338987E+15 4.661195399E+15
 4.609752965E+15 4.558152154E+15 4.507731923E+15 4.457163515E+15 4.408232026E+15
 4.359082836E+15 4.312036301E+15 4.264673818E+15 4.220002400E+15 4.175133682E+15
 4.132754971E+15 4.090384045E+15 4.050039270E+15 4.010207206E+15 3.971906030E+15
 3.935079907E+15 3.899236526E+15 3.865263871E+15 3.832003107E+15 3.800549720E+15
 3.769849562E+15 3.740378302E+15 3.711984273E+15 3.683565280E+15 3.656700528E+15
 3.627871902E+15 3.600441556E+15 3.569685832E+15 3.538759115E+15 3.505135158E+15
 3.465894190E+15 3.424761825E+15 3.374050877E+15 3.317626818E+15 3.254323295E+15
 3.173637771E+15 3.083053958E+15 2.979778517E+15 2.849104942E+15 2.703687282E+15
 2.540874198E+15 2.354739442E+15 2.149381352E+15 1.932046746E+15 1.708108494E+15
 1.485956947E+15 1.279287148E+15 1.098139923E+15 9.438351023E+14 8.155903988E+14
 7.106297866E+14 6.254679671E+14 5.576377164E+14 5.042150341E+14 4.607926128E+14
 4.250867042E+14 3.950532729E+14 3.692652155E+14 3.473344750E+14
 2.418557870E-07 8.795035683E-06 3.746320726E-05 1.102854949E-04 2.565513132E-04
 4.913436132E-04 8.103733999E-04 1.185194822E-03 1.593724010E-03 2.021083841E-03
 2.463960089E-03 2.916606842E-03 3.364949720E-03 3.787144320E-03 4.154404625E-03
 4.447042476E-03 4.671028815E-03 4.836474545E-03 4.952817690E-03 5.021584686E-03
 5.054788198E-03 5.068833008E-03 5.067301448E-03 5.047757179E-03 5.022579804E-03
 4.991631024E-03 4.953959025E-03 4.914702848E-03 4.872411489E-03 4.828514531E-03
 4.783650860E-03 4.737196490E-03 4.690815229E-03 4.643344320E-03 4.596106708E-03
 4.548036959E-03 4.500204232E-03 4.451824818E-03 4.403787199E-03 4.355479497E-03
 4.307882395E-03 4.260140937E-03 4.213558976E-03 4.166840110E-03 4.121737089E-03
 4.076434765E-03 4.033206496E-03 3.989693243E-03 3.948828205E-03 3.907810897E-03
 3.869272070E-03 3.830849426E-03 3.794425167E-03 3.758651903E-03 3.724368056E-03
 3.691653023E-03 3.659893060E-03 3.630111692E-03 3.601019504E-03 3.573839087E-03
 3.547382541E-03 3.522248473E-03 3.498133738E-03 3.474094206E-03 3.451486351E-03
 3.427043790E-03 3.403814975E-03 3.377412446E-03 3.350513289E-03 3.320959862E-03
 3.285373794E-03 3.247650806E-03 3.200156847E-03 3.146223491E-03 3.085196018E-03
 3.005784238E-03 2.915855730E-03 2.812769962E-03 2.680736827E-03 2.531633014E-03
 2.362354659E-03 2.164354315E-03 1.938400092E-03 1.689726487E-03 1.420493703E-03
 1.136512379E-03 8.524951991E-04 5.936694215E-04 3.788426111E-04 2.193193359E-04
 1.145637361E-04 5.408658399E-05 2.391866292E-05 1.053005417E-05 4.466269729E-06
 1.922753199E-06 8.705777077E-07 4.187057527E-07 1.882148126E-07
 6.603802734E+03 4.139829297E+04 5.169125391E+04 5.541690234E+04 5.684221484E+04
 5.730928906E+04 5.725819922E+04 5.689677734E+04 5.626494531E+04 5.541026562E+04
 5.438716406E+04 5.325896484E+04 5.210519922E+04 5.099948828E+04 4.999950781E+04
 4.913284766E+04 4.838718359E+04 4.775304688E+04 4.721848438E+04 4.678984375E+04
 4.644762500E+04 4.616071875E+04 4.592310547E+04 4.575436328E+04 4.561187891E+04
 4.549632031E+04 4.541912109E+04 4.535379297E+04 4.530711328E+04 4.527478125E+04
 4.524862891E+04 4.523512891E+04 4.522413281E+04 4.521896484E+04 4.521623047E+04
 4.521582031E+04 4.521730469E+04 4.521958984E+04 4.522327344E+04 4.522719531E+04
 4.523225781E+04 4.523738672E+04 4.524369531E+04 4.525000781E+04 4.525776953E+04
 4.526551172E+04 4.527508594E+04 4.528466016E+04 4.529657031E+04 4.530875391E+04
 4.532345703E+04 4.533924609E+04 4.535707422E+04 4.537700391E+04 4.539832812E+04
 4.542260547E+04 4.544778516E+04 4.547671875E+04 4.550629688E+04 4.553975000E+04
 4.557390625E+04 4.561173828E+04 4.565055078E+04 4.569235156E+04 4.573537891E+04
 4.578005469E+04 4.582589844E+04 4.587223438E+04 4.591843750E+04 4.596423438E+04
 4.600684766E+04 4.604775391E+04 4.608411328E+04 4.611505469E+04 4.614223828E+04
 4.615826562E+04 4.616757812E+04 4.617008984E+04 4.615742188E+04 4.613506641E+04
 4.610214062E+04 4.605482422E+04 4.599578125E+04 4.592722656E+04 4.584751172E+04
 4.575341797E+04 4.563394141E+04 4.547691406E+04 4.528910938E+04 4.511842188E+04
 4.510437500E+04 4.555789453E+04 4.717106250E+04 5.112001953E+04 5.815882031E+04
 6.761110938E+04 7.443269531E+04 6.824011719E+04 4.334116797E+04
 5.691344142E-01 3.567822218E+00 4.454898834E+00 4.775985718E+00 4.898823261E+00
 4.939076900E+00 4.934674263E+00 4.903525829E+00 4.849072456E+00 4.775413990E+00
 4.687240124E+00 4.590008736E+00 4.490573883E+00 4.395280838E+00 4.309099674E+00
 4.234407902E+00 4.170144558E+00 4.115492821E+00 4.069422722E+00 4.032481194E+00
 4.002988338E+00 3.978261709E+00 3.957783461E+00 3.943240643E+00 3.930960894E+00
 3.921001911E+00 3.914348602E+00 3.908718586E+00 3.904695272E+00 3.901908875E+00
 3.899655104E+00 3.898491621E+00 3.897543907E+00 3.897098780E+00 3.896862984E+00
 3.896827698E+00 3.896955490E+00 3.897152424E+00 3.897469759E+00 3.897807837E+00
 3.898244143E+00 3.898686171E+00 3.899229765E+00 3.899773836E+00 3.900442839E+00
 3.901110172E+00 3.901935339E+00 3.902760506E+00 3.903786659E+00 3.904836893E+00
 3.906104088E+00 3.907464743E+00 3.909001112E+00 3.910718918E+00 3.912556648E+00
 3.914648771E+00 3.916818619E+00 3.919312477E+00 3.921861649E+00 3.924744606E+00
 3.927688599E+00 3.930948734E+00 3.934293747E+00 3.937896490E+00 3.941604376E+00
 3.945454836E+00 3.949405909E+00 3.953399181E+00 3.957381248E+00 3.961328268E+00
 3.965000391E+00 3.968525887E+00 3.971659422E+00 3.974325895E+00 3.976668835E+00
 3.978049994E+00 3.978852749E+00 3.979069233E+00 3.977977276E+00 3.976050615E+00
 3.973213196E+00 3.969135046E+00 3.964046955E+00 3.958138466E+00 3.951268435E+00
 3.943159342E+00 3.932862282E+00 3.919329166E+00 3.903143644E+00 3.888433218E+00
 3.887222767E+00 3.926308155E+00 4.065335751E+00 4.405668259E+00 5.012291908E+00
 5.826917171E+00 6.414820671E+00 5.881126881E+00 3.735264778E+00
 1.087222323E-01 8.543766975E+00 1.608574867E+01 2.265532112E+01 2.822880936E+01
 3.284138489E+01 3.659407043E+01 3.965487671E+01 4.212358856E+01 4.417260742E+01
 4.592672348E+01 4.744392776E+01 4.875056076E+01 4.986044312E+01 5.077580261E+01
 5.152244568E+01 5.214786911E+01 5.267792130E+01 5.313338089E+01 5.352005386E+01
 5.385930252E+01 5.417117691E+01 5.445954132E+01 5.471943665E+01 5.496964645E+01
 5.520919800E+01 5.543473053E+01 5.565611267E+01 5.587011337E+01 5.607865906E+01
 5.628446198E+01 5.648424911E+01 5.668278885E+01 5.687757492E+01 5.707061386E+01
 5.726134872E+01 5.744999695E+01 5.763733292E+01 5.782259369E+01 5.800719070E+01
 5.819010162E+01 5.837266541E+01 5.855408859E+01 5.873523712E+01 5.891585922E+01
 5.909611893E+01 5.927652359E+01 5.945636749E+01 5.963637924E+01 5.981528854E+01
 5.999552917E+01 6.017491150E+01 6.035607147E+01 6.053735733E+01 6.071986389E+01
 6.090239334E+01 6.108577728E+01 6.126948166E+01 6.145383453E+01 6.163839340E+01
 6.182363892E+01 6.200842285E+01 6.219418335E+01 6.237810135E+01 6.256342316E+01
 6.274478912E+01 6.292716980E+01 6.310436249E+01 6.328031540E+01 6.345234299E+01
 6.361592102E+01 6.377666855E+01 6.392436218E+01 6.406375885E+01 6.419379425E+01
 6.429933167E+01 6.439016724E+01 6.446263885E+01 6.449122620E+01 6.448863220E+01
 6.444665527E+01 6.433767700E+01 6.413618469E+01 6.382689667E+01 6.337068558E+01
 6.271310043E+01 6.173869705E+01 6.033447266E+01 5.842992020E+01 5.594596863E+01
 5.283834839E+01 4.910062408E+01 4.473246765E+01 3.976466751E+01 3.429445648E+01
 2.833730316E+01 2.191556931E+01 1.505419159E+01 7.771659851E+00
ZONE T="Extracted Points"
 STRANDID=0, SOLUTIONTIME=0
 I=99, J=1, K=1, ZONETYPE=Ordered
 DATAPACKING=BLOCK
 DT=(SINGLE SINGLE SINGLE SINGLE SINGLE SINGLE SINGLE SINGLE SINGLE SINGLE )
 0.000000000E+00 2.565656614E-04 5.131313228E-04 7.696969551E-04 1.026262646E-03
 1.282828278E-03 1.539393910E-03 1.795959543E-03 2.052525291E-03 2.309090924E-03
 2.565656556E-03 2.822222188E-03 3.078787820E-03 3.335353453E-03 3.591919085E-03
 3.848484950E-03 4.105050582E-03 4.361615982E-03 4.618181847E-03 4.874747247E-03
 5.131313112E-03 5.387878977E-03 5.644444376E-03 5.901010241E-03 6.157575641E-03
 6.414141506E-03 6.670706905E-03 6.927272771E-03 7.183838170E-03 7.440404035E-03
 7.696969900E-03 7.953535765E-03 8.210101165E-03 8.466666564E-03 8.723231964E-03
 8.979798295E-03 9.236363694E-03 9.492929094E-03 9.749494493E-03 1.000606082E-02
 1.026262622E-02 1.051919162E-02 1.077575795E-02 1.103232335E-02 1.128888875E-02
 1.154545415E-02 1.180202048E-02 1.205858588E-02 1.231515128E-02 1.257171761E-02
 1.282828301E-02 1.308484841E-02 1.334141381E-02 1.359798014E-02 1.385454554E-02
 1.411111094E-02 1.436767634E-02 1.462424267E-02 1.488080807E-02 1.513737347E-02
 1.539393980E-02 1.565050520E-02 1.590707153E-02 1.616363600E-02 1.642020233E-02
 1.667676680E-02 1.693333313E-02 1.718989946E-02 1.744646393E-02 1.770303026E-02
 1.795959659E-02 1.821616106E-02 1.847272739E-02 1.872929372E-02 1.898585819E-02
 1.924242452E-02 1.949898899E-02 1.975555532E-02 2.001212165E-02 2.026868612E-02
 2.052525245E-02 2.078181878E-02 2.103838325E-02 2.129494958E-02 2.155151591E-02
 2.180808038E-02 2.206464671E-02 2.232121304E-02 2.257777750E-02 2.283434384E-02
 2.309090830E-02 2.334747463E-02 2.360404097E-02 2.386060543E-02 2.411717176E-02
 2.437373810E-02 2.463030256E-02 2.488686889E-02 2.514343522E-02
 6.349999923E-03 6.349999923E-03 6.349999923E-03 6.349999923E-03 6.349999923E-03
 6.349999923E-03 6.349999923E-03 6.349999923E-03 6.349999923E-03 6.349999923E-03
 6.349999923E-03 6.349999923E-03 6.349999923E-03 6.349999923E-03 6.349999923E-03
 6.349999923E-03 6.349999923E-03 6.349999923E-03 6.349999923E-03 6.349999923E-03
 6.349999923E-03 6.349999923E-03 6.349999923E-03 6.349999923E-03 6.349999923E-03
 6.349999923E-03 6.349999923E-03 6.349999923E-03 6.349999923E-03 6.349999923E-03
 6.349999923E-03 6.349999923E-03 6.349999923E-03 6.349999923E-03 6.349999923E-03
 6.349999923E-03 6.349999923E-03 6.349999923E-03 6.349999923E-03 6.349999923E-03
 6.349999923E-03 6.349999923E-03 6.349999923E-03 6.349999923E-03 6.349999923E-03
 6.349999923E-03 6.349999923E-03 6.349999923E-03 6.349999923E-03 6.349999923E-03
 6.349999923E-03 6.349999923E-03 6.349999923E-03 6.349999923E-03 6.349999923E-03
 6.349999923E-03 6.349999923E-03 6.349999923E-03 6.349999923E-03 6.349999923E-03
 6.349999923E-03 6.349999923E-03 6.349999923E-03 6.349999923E-03 6.349999923E-03
 6.349999923E-03 6.349999923E-03 6.349999923E-03 6.349999923E-03 6.349999923E-03
 6.349999923E-03 6.349999923E-03 6.349999923E-03 6.349999923E-03 6.349999923E-03
 6.349999923E-03 6.349999923E-03 6.349999923E-03 6.349999923E-03 6.349999923E-03
 6.349999923E-03 6.349999923E-03 6.349999923E-03 6.349999923E-03 6.349999923E-03
 6.349999923E-03 6.349999923E-03 6.349999923E-03 6.349999923E-03 6.349999923E-03
 6.349999923E-03 6.349999923E-03 6.349999923E-03 6.349999923E-03 6.349999923E-03
 6.349999923E-03 6.349999923E-03 6.349999923E-03 6.349999923E-03
 0.000000000E+00 0.000000000E+00 0.000000000E+00 0.000000000E+00 0.000000000E+00
 0.000000000E+00 0.000000000E+00 0.000000000E+00 0.000000000E+00 0.000000000E+00
 0.000000000E+00 0.000000000E+00 0.000000000E+00 0.000000000E+00 0.000000000E+00
 0.000000000E+00 0.000000000E+00 0.000000000E+00 0.000000000E+00 0.000000000E+00
 0.000000000E+00 0.000000000E+00 0.000000000E+00 0.000000000E+00 0.000000000E+00
 0.000000000E+00 0.000000000E+00 0.000000000E+00 0.000000000E+00 0.000000000E+00
 0.000000000E+00 0.000000000E+00 0.000000000E+00 0.000000000E+00 0.000000000E+00
 0.000000000E+00 0.000000000E+00 0.000000000E+00 0.000000000E+00 0.000000000E+00
 0.000000000E+00 0.000000000E+00 0.000000000E+00 0.000000000E+00 0.000000000E+00
 0.000000000E+00 0.000000000E+00 0.000000000E+00 0.000000000E+00 0.000000000E+00
 0.000000000E+00 0.000000000E+00 0.000000000E+00 0.000000000E+00 0.000000000E+00
 0.000000000E+00 0.000000000E+00 0.000000000E+00 0.000000000E+00 0.000000000E+00
 0.000000000E+00 0.000000000E+00 0.000000000E+00 0.000000000E+00 0.000000000E+00
 0.000000000E+00 0.000000000E+00 0.000000000E+00 0.000000000E+00 0.000000000E+00
 0.000000000E+00 0.000000000E+00 0.000000000E+00 0.000000000E+00 0.000000000E+00
 0.000000000E+00 0.000000000E+00 0.000000000E+00 0.000000000E+00 0.000000000E+00
 0.000000000E+00 0.000000000E+00 0.000000000E+00 0.000000000E+00 0.000000000E+00
 0.000000000E+00 0.000000000E+00 0.000000000E+00 0.000000000E+00 0.000000000E+00
 0.000000000E+00 0.000000000E+00 0.000000000E+00 0.000000000E+00 0.000000000E+00
 0.000000000E+00 0.000000000E+00 0.000000000E+00 0.000000000E+00
 2.818571533E+03 2.824448975E+03 2.827114502E+03 2.829146484E+03 2.830856934E+03
 2.832366211E+03 2.833731201E+03 2.834991455E+03 2.836159912E+03 2.837255615E+03
 2.838293213E+03 2.839280762E+03 2.840225098E+03 2.841131348E+03 2.842001709E+03
 2.842839600E+03 2.843650879E+03 2.844438477E+03 2.845205322E+03 2.845949219E+03
 2.846671143E+03 2.847378174E+03 2.848071533E+03 2.848742188E+03 2.849401855E+03
 2.850051270E+03 2.850681152E+03 2.851303467E+03 2.851914062E+03 2.852511475E+03
 2.853103516E+03 2.853679688E+03 2.854250732E+03 2.854811279E+03 2.855363525E+03
 2.855908936E+03 2.856444580E+03 2.856975830E+03 2.857496094E+03 2.858013916E+03
 2.858520264E+03 2.859025391E+03 2.859519531E+03 2.860012207E+03 2.860494873E+03
 2.860976318E+03 2.861448730E+03 2.861918945E+03 2.862382080E+03 2.862841553E+03
 2.863301270E+03 2.863760986E+03 2.864224121E+03 2.864694336E+03 2.865166748E+03
 2.865647949E+03 2.866130615E+03 2.866623535E+03 2.867117432E+03 2.867622559E+03
 2.868128906E+03 2.868646729E+03 2.869166992E+03 2.869698486E+03 2.870233887E+03
 2.870779297E+03 2.871331787E+03 2.871892090E+03 2.872463135E+03 2.873039551E+03
 2.873631348E+03 2.874228760E+03 2.874839355E+03 2.875461670E+03 2.876091553E+03
 2.876740967E+03 2.877400879E+03 2.878071533E+03 2.878764893E+03 2.879471680E+03
 2.880193848E+03 2.880937500E+03 2.881704346E+03 2.882492188E+03 2.883303467E+03
 2.884141113E+03 2.885011475E+03 2.885917969E+03 2.886862061E+03 2.887849609E+03
 2.888887207E+03 2.889982910E+03 2.891151367E+03 2.892411621E+03 2.893776855E+03
 2.895285889E+03 2.896996338E+03 2.899028320E+03 2.901693848E+03
 1.691394718E-04 1.796825236E-04 2.245300711E-04 3.596816096E-04 9.622129146E-04
 3.821014194E-03 1.559364423E-02 5.473694950E-02 1.782298088E-01 4.784683287E-01
 1.022191048E+00 1.776566267E+00 2.604690790E+00 3.356963873E+00 3.944420338E+00
 4.372552872E+00 4.689729691E+00 4.923323154E+00 5.093062878E+00 5.204170704E+00
 5.270789623E+00 5.312695026E+00 5.334335804E+00 5.330615997E+00 5.318169117E+00
 5.297037125E+00 5.264751434E+00 5.229507446E+00 5.189177513E+00 5.145499229E+00
 5.100144386E+00 5.051757812E+00 5.003217220E+00 4.952972412E+00 4.902743816E+00
 4.851392746E+00 4.800129414E+00 4.748198032E+00 4.696523190E+00 4.644533634E+00
 4.593221664E+00 4.541747093E+00 4.491430283E+00 4.440962315E+00 4.392121792E+00
 4.343062401E+00 4.296096325E+00 4.248809814E+00 4.204197407E+00 4.159372807E+00
 4.117040157E+00 4.074711800E+00 4.034406662E+00 3.994610071E+00 3.956336021E+00
 3.919504881E+00 3.883650780E+00 3.849626541E+00 3.816308498E+00 3.784743309E+00
 3.753918171E+00 3.724225521E+00 3.695580006E+00 3.666785717E+00 3.639484644E+00
 3.610102415E+00 3.582004547E+00 3.550503492E+00 3.518576622E+00 3.483875751E+00
 3.443096638E+00 3.400200367E+00 3.347316742E+00 3.288018227E+00 3.221475124E+00
 3.136331320E+00 3.040809631E+00 2.932083130E+00 2.795753956E+00 2.644380569E+00
 2.475534201E+00 2.283642292E+00 2.075463772E+00 1.857899666E+00 1.635214448E+00
 1.413273215E+00 1.199914098E+00 9.993586540E-01 8.119640946E-01 6.386173368E-01
 4.812442660E-01 3.432279527E-01 2.296747267E-01 1.438272893E-01 8.240818977E-02
 4.309302941E-02 2.040668763E-02 8.730551228E-03 3.302558325E-03
 7.272849316E+14 7.913702729E+14 8.626959894E+14 9.488861852E+14 1.053187251E+15
 1.178438497E+15 1.334264474E+15 1.529570193E+15 1.780702031E+15 2.096659689E+15
 2.480478636E+15 2.919473686E+15 3.381200656E+15 3.828006372E+15 4.224999058E+15
 4.550774474E+15 4.808444595E+15 5.007465326E+15 5.156562969E+15 5.255210851E+15
 5.312807436E+15 5.347872623E+15 5.364574140E+15 5.357662464E+15 5.342535589E+15
 5.319269751E+15 5.285522046E+15 5.249056163E+15 5.207899102E+15 5.163498804E+15
 5.117483061E+15 5.068604186E+15 5.019658202E+15 4.969207368E+15 4.918798411E+15
 4.867297458E+15 4.815885089E+15 4.763810758E+15 4.711998420E+15 4.659875234E+15
 4.608456422E+15 4.556878160E+15 4.506480477E+15 4.455933275E+15 4.407023530E+15
 4.357895815E+15 4.310870486E+15 4.263527867E+15 4.218874703E+15 4.174020480E+15
 4.131657607E+15 4.089300908E+15 4.048970091E+15 4.009150644E+15 3.970860742E+15
 3.934040793E+15 3.898202781E+15 3.864229321E+15 3.830966947E+15 3.799505237E+15
 3.768795148E+15 3.739302681E+15 3.710885835E+15 3.682435972E+15 3.655539007E+15
 3.626676559E+15 3.599194942E+15 3.568379089E+15 3.537340971E+15 3.503590312E+15
 3.464150970E+15 3.422793656E+15 3.371812394E+15 3.315054401E+15 3.251388222E+15
 3.170253069E+15 3.079209157E+15 2.975456437E+15 2.844357393E+15 2.698547011E+15
 2.535405094E+15 2.349088339E+15 2.143840845E+15 1.926778298E+15 1.703136532E+15
 1.481102158E+15 1.274174392E+15 1.092528078E+15 9.378135582E+14 8.095057052E+14
 7.049118430E+14 6.204505729E+14 5.534130792E+14 5.007104415E+14 4.579605516E+14
 4.229277113E+14 3.935270160E+14 3.682414363E+14 3.465882244E+14
 2.403157673E-08 3.353227385E-07 6.764714726E-07 1.239494054E-06 2.640839284E-06
 7.128990546E-06 2.233513806E-05 6.817358371E-05 2.051587944E-04 5.288412794E-04
 1.104373252E-03 1.891382039E-03 2.743108897E-03 3.503604792E-03 4.082612228E-03
 4.490108229E-03 4.779808223E-03 4.981555045E-03 5.116815213E-03 5.191992968E-03
 5.223470274E-03 5.231312010E-03 5.219907966E-03 5.185987800E-03 5.145103205E-03
 5.097003188E-03 5.041064695E-03 4.983649589E-03 4.923183937E-03 4.862041678E-03
 4.800261464E-03 4.738570657E-03 4.677765537E-03 4.617348313E-03 4.558568820E-03
 4.499992821E-03 4.443395883E-03 4.386893008E-03 4.332532175E-03 4.278253764E-03
 4.226331599E-03 4.174448550E-03 4.125074949E-03 4.075681325E-03 4.028897267E-03
 3.982029390E-03 3.937884700E-03 3.893586341E-03 3.852286376E-03 3.810965223E-03
 3.772258991E-03 3.733759513E-03 3.697293345E-03 3.661496565E-03 3.627182450E-03
 3.594350070E-03 3.562451107E-03 3.532308154E-03 3.502828069E-03 3.474924015E-03
 3.447698196E-03 3.421353176E-03 3.395939944E-03 3.370104358E-03 3.345546080E-03
 3.318689065E-03 3.292784095E-03 3.263349878E-03 3.233070485E-03 3.199957544E-03
 3.160452703E-03 3.118742257E-03 3.067122074E-03 3.009065986E-03 2.943921136E-03
 2.860744251E-03 2.767733298E-03 2.662197920E-03 2.531058155E-03 2.386327367E-03
 2.225846052E-03 2.044975525E-03 1.850487664E-03 1.648718491E-03 1.443767105E-03
 1.241138554E-03 1.048112754E-03 8.682401967E-04 7.014654111E-04 5.483282730E-04
 4.102871171E-04 2.900835534E-04 1.919807837E-04 1.185386209E-04 6.656865298E-05
 3.377387475E-05 1.521335889E-05 5.906143087E-06 1.752717594E-06
 6.860616211E+03 8.959076562E+04 1.447657031E+05 1.668559062E+05 1.400913125E+05
 1.000920312E+05 7.499420312E+04 6.217055078E+04 5.653683984E+04 5.390659766E+04
 5.245485938E+04 5.155187109E+04 5.092378516E+04 5.043069922E+04 5.000398438E+04
 4.960927344E+04 4.923234766E+04 4.886890625E+04 4.851696484E+04 4.817936719E+04
 4.785737891E+04 4.754780859E+04 4.725126562E+04 4.697707031E+04 4.671345312E+04
 4.646224609E+04 4.623330078E+04 4.601318359E+04 4.581009375E+04 4.562326172E+04
 4.544491797E+04 4.529001172E+04 4.514177344E+04 4.501195703E+04 4.489304297E+04
 4.478664062E+04 4.469444141E+04 4.460976953E+04 4.454089453E+04 4.447603125E+04
 4.442650000E+04 4.437908984E+04 4.434508594E+04 4.431251953E+04 4.429069141E+04
 4.427035547E+04 4.425800000E+04 4.424750391E+04 4.424258203E+04 4.423994922E+04
 4.424085156E+04 4.424438672E+04 4.424998438E+04 4.425827344E+04 4.426766797E+04
 4.427931250E+04 4.429150000E+04 4.430503125E+04 4.431882031E+04 4.433258984E+04
 4.434642578E+04 4.435853516E+04 4.437033984E+04 4.437863281E+04 4.438572266E+04
 4.438783984E+04 4.438676953E+04 4.438042578E+04 4.436743359E+04 4.435057422E+04
 4.432157812E+04 4.428817188E+04 4.424339453E+04 4.418788672E+04 4.412469922E+04
 4.404076562E+04 4.394583984E+04 4.383901953E+04 4.370849609E+04 4.356507031E+04
 4.340736719E+04 4.322992969E+04 4.303591406E+04 4.283007422E+04 4.261412109E+04
 4.239034375E+04 4.216232422E+04 4.193076562E+04 4.169053906E+04 4.143002344E+04
 4.113159375E+04 4.077175781E+04 4.031267578E+04 3.969972266E+04 3.887582031E+04
 3.768672266E+04 3.581958203E+04 3.242567773E+04 2.508031055E+04
 5.912673473E-01 7.721186638E+00 1.247631931E+01 1.438011551E+01 1.207346630E+01
 8.626214981E+00 6.463212967E+00 5.358034134E+00 4.872504711E+00 4.645823479E+00
 4.520708561E+00 4.442886353E+00 4.388756275E+00 4.346260548E+00 4.309484959E+00
 4.275467396E+00 4.242982864E+00 4.211660862E+00 4.181329727E+00 4.152235031E+00
 4.124484539E+00 4.097805023E+00 4.072247982E+00 4.048617363E+00 4.025897503E+00
 4.004247665E+00 3.984516621E+00 3.965546370E+00 3.948043346E+00 3.931941986E+00
 3.916571856E+00 3.903221369E+00 3.890445709E+00 3.879258156E+00 3.869009733E+00
 3.859839439E+00 3.851893425E+00 3.844596148E+00 3.838660717E+00 3.833070517E+00
 3.828801870E+00 3.824715614E+00 3.821785212E+00 3.818978548E+00 3.817097425E+00
 3.815344810E+00 3.814280033E+00 3.813375235E+00 3.812951088E+00 3.812724113E+00
 3.812801838E+00 3.813106775E+00 3.813589096E+00 3.814303398E+00 3.815113068E+00
 3.816116571E+00 3.817167044E+00 3.818333149E+00 3.819521666E+00 3.820708275E+00
 3.821900606E+00 3.822944164E+00 3.823961258E+00 3.824676275E+00 3.825287342E+00
 3.825469732E+00 3.825377703E+00 3.824830770E+00 3.823710918E+00 3.822257996E+00
 3.819758892E+00 3.816879988E+00 3.813021183E+00 3.808237553E+00 3.802791595E+00
 3.795557976E+00 3.787377119E+00 3.778170586E+00 3.766922235E+00 3.754561186E+00
 3.740969896E+00 3.725677490E+00 3.708956957E+00 3.691217184E+00 3.672605753E+00
 3.653319836E+00 3.633668423E+00 3.613712311E+00 3.593008757E+00 3.570556641E+00
 3.544837713E+00 3.513825655E+00 3.474260569E+00 3.421434641E+00 3.350428343E+00
 3.247948408E+00 3.087033033E+00 2.794536591E+00 2.161492348E+00
 -9.978227234E+01 -8.243480682E+01 -6.599037933E+01 -5.054919052E+01 -3.618988419E+01
 -2.303264809E+01 -1.116811943E+01 -7.015867233E-01 8.036258698E+00 1.492636490E+01
 2.002195358E+01 2.350387192E+01 2.572313881E+01 2.708544159E+01 2.790501595E+01
 2.843262863E+01 2.880768204E+01 2.908226204E+01 2.928892517E+01 2.943963051E+01
 2.955335999E+01 2.964674759E+01 2.972344017E+01 2.978056145E+01 2.983124924E+01
 2.987523460E+01 2.991093445E+01 2.994442368E+01 2.997420311E+01 3.000143814E+01
 3.002746201E+01 3.005130196E+01 3.007490158E+01 3.009752464E+01 3.011991501E+01
 3.014176941E+01 3.016345978E+01 3.018489265E+01 3.020642471E+01 3.022787857E+01
 3.024987984E+01 3.027187157E+01 3.029487801E+01 3.031788254E+01 3.034232521E+01
 3.036675835E+01 3.039303017E+01 3.041928673E+01 3.044761276E+01 3.047595787E+01
 3.050651741E+01 3.053742409E+01 3.057035065E+01 3.060432625E+01 3.063981056E+01
 3.067695618E+01 3.071513176E+01 3.075535583E+01 3.079636574E+01 3.083932686E+01
 3.088314819E+01 3.092819214E+01 3.097450066E+01 3.102048874E+01 3.106834984E+01
 3.111352158E+01 3.116039848E+01 3.120297813E+01 3.124523163E+01 3.128402519E+01
 3.131544304E+01 3.134427452E+01 3.136065865E+01 3.136878204E+01 3.136758041E+01
 3.134094048E+01 3.129848289E+01 3.123645782E+01 3.112766266E+01 3.098787689E+01
 3.081069183E+01 3.057503128E+01 3.027707481E+01 2.992370796E+01 2.951160431E+01
 2.903855515E+01 2.849895096E+01 2.788520050E+01 2.717936516E+01 2.634293556E+01
 2.532457161E+01 2.406525230E+01 2.248896027E+01 2.052927017E+01 1.818572617E+01
 1.541702271E+01 1.221458340E+01 8.576032639E+00 4.514267445E+00
ZONE T="Extracted Points"
 STRANDID=0, SOLUTIONTIME=0
 I=49, J=1, K=1, ZONETYPE=Ordered
 DATAPACKING=BLOCK
 DT=(SINGLE SINGLE SINGLE SINGLE SINGLE SINGLE SINGLE SINGLE SINGLE SINGLE )
 1.269999985E-02 1.269999985E-02 1.269999985E-02 1.269999985E-02 1.269999985E-02
 1.269999985E-02 1.269999985E-02 1.269999985E-02 1.269999985E-02 1.269999985E-02
 1.269999985E-02 1.269999985E-02 1.269999985E-02 1.269999985E-02 1.269999985E-02
 1.269999985E-02 1.269999985E-02 1.269999985E-02 1.269999985E-02 1.269999985E-02
 1.269999985E-02 1.269999985E-02 1.269999985E-02 1.269999985E-02 1.269999985E-02
 1.269999985E-02 1.269999985E-02 1.269999985E-02 1.269999985E-02 1.269999985E-02
 1.269999985E-02 1.269999985E-02 1.269999985E-02 1.269999985E-02 1.269999985E-02
 1.269999985E-02 1.269999985E-02 1.269999985E-02 1.269999985E-02 1.269999985E-02
 1.269999985E-02 1.269999985E-02 1.269999985E-02 1.269999985E-02 1.269999985E-02
 1.269999985E-02 1.269999985E-02 1.269999985E-02 1.269999985E-02
 0.000000000E+00 2.591836674E-04 5.183673347E-04 7.775510312E-04 1.036734669E-03
 1.295918366E-03 1.555102062E-03 1.814285759E-03 2.073469339E-03 2.332653152E-03
 2.591836732E-03 2.851020312E-03 3.110204125E-03 3.369387705E-03 3.628571518E-03
 3.887755098E-03 4.146938678E-03 4.406122491E-03 4.665306304E-03 4.924489651E-03
 5.183673464E-03 5.442857277E-03 5.702040624E-03 5.961224437E-03 6.220408250E-03
 6.479592063E-03 6.738775410E-03 6.997959223E-03 7.257143036E-03 7.516326383E-03
 7.775510196E-03 8.034694009E-03 8.293877356E-03 8.553061634E-03 8.812244982E-03
 9.071428329E-03 9.330612607E-03 9.589795955E-03 9.848979302E-03 1.010816358E-02
 1.036734693E-02 1.062653027E-02 1.088571455E-02 1.114489790E-02 1.140408125E-02
 1.166326553E-02 1.192244887E-02 1.218163222E-02 1.244081650E-02
 0.000000000E+00 0.000000000E+00 0.000000000E+00 0.000000000E+00 0.000000000E+00
 0.000000000E+00 0.000000000E+00 0.000000000E+00 0.000000000E+00 0.000000000E+00
 0.000000000E+00 0.000000000E+00 0.000000000E+00 0.000000000E+00 0.000000000E+00
 0.000000000E+00 0.000000000E+00 0.000000000E+00 0.000000000E+00 0.000000000E+00
 0.000000000E+00 0.000000000E+00 0.000000000E+00 0.000000000E+00 0.000000000E+00
 0.000000000E+00 0.000000000E+00 0.000000000E+00 0.000000000E+00 0.000000000E+00
 0.000000000E+00 0.000000000E+00 0.000000000E+00 0.000000000E+00 0.000000000E+00
 0.000000000E+00 0.000000000E+00 0.000000000E+00 0.000000000E+00 0.000000000E+00
 0.000000000E+00 0.000000000E+00 0.000000000E+00 0.000000000E+00 0.000000000E+00
 0.000000000E+00 0.000000000E+00 0.000000000E+00 0.000000000E+00
 4.450000000E+01 5.763759766E+02 8.173302612E+02 1.001159241E+03 1.156202026E+03
 1.292497925E+03 1.416155762E+03 1.530234741E+03 1.635583862E+03 1.734743286E+03
 1.828619019E+03 1.917947998E+03 2.003336670E+03 2.085288086E+03 2.164222900E+03
 2.240128906E+03 2.313425537E+03 2.384586670E+03 2.453844971E+03 2.521401123E+03
 2.586653564E+03 2.650468506E+03 2.713049805E+03 2.774023193E+03 2.833552490E+03
 2.892187500E+03 2.949408936E+03 3.005521973E+03 3.060990723E+03 3.114894775E+03
 3.168255371E+03 3.220641113E+03 3.272108154E+03 3.323058838E+03 3.372822510E+03
 3.422338623E+03 3.470642334E+03 3.518706787E+03 3.565787842E+03 3.612538574E+03
 3.658457031E+03 3.704016846E+03 3.748828857E+03 3.793307861E+03 3.837065430E+03
 3.880562744E+03 3.923314209E+03 3.962708984E+03 3.983604492E+03
 2.825354459E-04 1.200377708E-03 3.730918979E-03 1.004484389E-02 2.383637987E-02
 5.171629786E-02 9.987358749E-02 1.752179265E-01 2.889097929E-01 4.383578897E-01
 6.220546961E-01 8.363893032E-01 1.077187896E+00 1.340097189E+00 1.620212555E+00
 1.912158608E+00 2.205114603E+00 2.491080284E+00 2.765889406E+00 3.027207613E+00
 3.264750004E+00 3.485523701E+00 3.691696882E+00 3.878388405E+00 4.047689915E+00
 4.206374645E+00 4.348557472E+00 4.478528976E+00 4.601429462E+00 4.708021164E+00
 4.809120178E+00 4.900371552E+00 4.982753754E+00 5.060146809E+00 5.126965046E+00
 5.191623211E+00 5.246202469E+00 5.298860073E+00 5.343611240E+00 5.385780334E+00
 5.421438694E+00 5.454345226E+00 5.481510639E+00 5.506140709E+00 5.525271416E+00
 5.542400360E+00 5.553794861E+00 5.564018250E+00 5.567787647E+00
 3.479667076E+14 3.659870817E+14 3.887477912E+14 4.152548529E+14 4.463651130E+14
 4.843773855E+14 5.316524932E+14 5.913807579E+14 6.702823941E+14 7.711362793E+14
 8.998243711E+14 1.061799869E+15 1.259637404E+15 1.490971724E+15 1.748752306E+15
 2.024635101E+15 2.303285197E+15 2.575059453E+15 2.836137630E+15 3.084754497E+15
 3.312254888E+15 3.524672696E+15 3.723873279E+15 3.905254312E+15 4.070430164E+15
 4.225622902E+15 4.365123171E+15 4.492959383E+15 4.614038269E+15 4.719438914E+15
 4.819453133E+15 4.909808507E+15 4.991398927E+15 5.068058725E+15 5.134345640E+15
 5.198513525E+15 5.252790637E+15 5.305161858E+15 5.349696374E+15 5.391665720E+15
 5.427167383E+15 5.459933688E+15 5.486989298E+15 5.511521078E+15 5.530578921E+15
 5.547642289E+15 5.558994425E+15 5.569179403E+15 5.572935352E+15
 3.742507459E-08 8.932541391E-07 3.490055860E-06 1.014058216E-05 2.473286440E-05
 5.407729259E-05 1.043250595E-04 1.821100886E-04 2.978296252E-04 4.478596675E-04
 6.295532803E-04 8.382263477E-04 1.068889746E-03 1.316757174E-03 1.576911542E-03
 1.843823818E-03 2.108098706E-03 2.363451291E-03 2.606798429E-03 2.836592030E-03
 3.044061828E-03 3.236455843E-03 3.415861167E-03 3.578231903E-03 3.725643968E-03
 3.863947466E-03 3.988141660E-03 4.101876635E-03 4.209551495E-03 4.303156864E-03
 4.391977564E-03 4.472218920E-03 4.544670694E-03 4.612740595E-03 4.671471659E-03
 4.728293046E-03 4.776179790E-03 4.822360352E-03 4.861521535E-03 4.898394924E-03
 4.929499235E-03 4.958178382E-03 4.981795792E-03 5.003192462E-03 5.019773729E-03
 5.034613889E-03 5.044467747E-03 5.053307861E-03 5.056563299E-03
 6.396219727E+03 3.504078516E+04 4.479032422E+04 4.853126562E+04 5.000654297E+04
 5.046839453E+04 5.046130078E+04 5.021654688E+04 4.983704297E+04 4.940239844E+04
 4.893831641E+04 4.845858594E+04 4.797350391E+04 4.749330469E+04 4.702801562E+04
 4.659236719E+04 4.619703906E+04 4.584305859E+04 4.552987891E+04 4.525554688E+04
 4.503490625E+04 4.484628125E+04 4.468410156E+04 4.455410547E+04 4.444889062E+04
 4.435774609E+04 4.428640234E+04 4.422710938E+04 4.417469922E+04 4.413501953E+04
 4.409858984E+04 4.406800391E+04 4.404144922E+04 4.401716016E+04 4.399672656E+04
 4.397703906E+04 4.396037500E+04 4.394421094E+04 4.393010156E+04 4.391664844E+04
 4.390484766E+04 4.389379297E+04 4.388430859E+04 4.387560547E+04 4.386859766E+04
 4.386228125E+04 4.385795703E+04 4.385407422E+04 4.385261719E+04
 5.512443781E-01 3.019913912E+00 3.860157251E+00 4.182561874E+00 4.309705734E+00
 4.349509239E+00 4.348897934E+00 4.327804565E+00 4.295097828E+00 4.257638454E+00
 4.217642784E+00 4.176298141E+00 4.134492397E+00 4.093107700E+00 4.053007603E+00
 4.015462399E+00 3.981391668E+00 3.950884819E+00 3.923893929E+00 3.900251150E+00
 3.881235838E+00 3.864979744E+00 3.851002455E+00 3.839798927E+00 3.830730915E+00
 3.822875977E+00 3.816727877E+00 3.811618090E+00 3.807101011E+00 3.803681135E+00
 3.800541639E+00 3.797905445E+00 3.795616627E+00 3.793523550E+00 3.791762590E+00
 3.790066004E+00 3.788629532E+00 3.787236452E+00 3.786020517E+00 3.784861088E+00
 3.783843994E+00 3.782891512E+00 3.782074213E+00 3.781324148E+00 3.780719995E+00
 3.780175686E+00 3.779803038E+00 3.779468298E+00 3.779342890E+00
 8.196039498E-02 6.631258011E+00 1.274219894E+01 1.837641144E+01 2.351584816E+01
 2.812102509E+01 3.221343613E+01 3.579835510E+01 3.881579590E+01 4.137702560E+01
 4.353435898E+01 4.535190201E+01 4.689304733E+01 4.821095276E+01 4.934560394E+01
 5.030565643E+01 5.112119675E+01 5.182384872E+01 5.243177032E+01 5.296001816E+01
 5.339460373E+01 5.377957916E+01 5.412443924E+01 5.442245102E+01 5.468470764E+01
 5.492623520E+01 5.513769913E+01 5.532875061E+01 5.550803757E+01 5.566185379E+01
 5.580759048E+01 5.593884277E+01 5.605752945E+01 5.616915131E+01 5.626591110E+01
 5.635963440E+01 5.643914413E+01 5.651594162E+01 5.658158493E+01 5.664355469E+01
 5.669625092E+01 5.674497986E+01 5.678542328E+01 5.682214355E+01 5.685079193E+01
 5.687646103E+01 5.689358902E+01 5.690895844E+01 5.691463470E+01
ZONE T="Extracted Points"
 STRANDID=0, SOLUTIONTIME=0
 I=49, J=1, K=1, ZONETYPE=Ordered
 DATAPACKING=BLOCK
 DT=(SINGLE SINGLE SINGLE SINGLE SINGLE SINGLE SINGLE SINGLE SINGLE SINGLE )
 1.269999985E-02 1.269999985E-02 1.269999985E-02 1.269999985E-02 1.269999985E-02
 1.269999985E-02 1.269999985E-02 1.269999985E-02 1.269999985E-02 1.269999985E-02
 1.269999985E-02 1.269999985E-02 1.269999985E-02 1.269999985E-02 1.269999985E-02
 1.269999985E-02 1.269999985E-02 1.269999985E-02 1.269999985E-02 1.269999985E-02
 1.269999985E-02 1.269999985E-02 1.269999985E-02 1.269999985E-02 1.269999985E-02
 1.269999985E-02 1.269999985E-02 1.269999985E-02 1.269999985E-02 1.269999985E-02
 1.269999985E-02 1.269999985E-02 1.269999985E-02 1.269999985E-02 1.269999985E-02
 1.269999985E-02 1.269999985E-02 1.269999985E-02 1.269999985E-02 1.269999985E-02
 1.269999985E-02 1.269999985E-02 1.269999985E-02 1.269999985E-02 1.269999985E-02
 1.269999985E-02 1.269999985E-02 1.269999985E-02 1.269999985E-02
 0.000000000E+00 2.591836674E-04 5.183673347E-04 7.775510312E-04 1.036734669E-03
 1.295918366E-03 1.555102062E-03 1.814285759E-03 2.073469339E-03 2.332653152E-03
 2.591836732E-03 2.851020312E-03 3.110204125E-03 3.369387705E-03 3.628571518E-03
 3.887755098E-03 4.146938678E-03 4.406122491E-03 4.665306304E-03 4.924489651E-03
 5.183673464E-03 5.442857277E-03 5.702040624E-03 5.961224437E-03 6.220408250E-03
 6.479592063E-03 6.738775410E-03 6.997959223E-03 7.257143036E-03 7.516326383E-03
 7.775510196E-03 8.034694009E-03 8.293877356E-03 8.553061634E-03 8.812244982E-03
 9.071428329E-03 9.330612607E-03 9.589795955E-03 9.848979302E-03 1.010816358E-02
 1.036734693E-02 1.062653027E-02 1.088571455E-02 1.114489790E-02 1.140408125E-02
 1.166326553E-02 1.192244887E-02 1.218163222E-02 1.244081650E-02
 0.000000000E+00 0.000000000E+00 0.000000000E+00 0.000000000E+00 0.000000000E+00
 0.000000000E+00 0.000000000E+00 0.000000000E+00 0.000000000E+00 0.000000000E+00
 0.000000000E+00 0.000000000E+00 0.000000000E+00 0.000000000E+00 0.000000000E+00
 0.000000000E+00 0.000000000E+00 0.000000000E+00 0.000000000E+00 0.000000000E+00
 0.000000000E+00 0.000000000E+00 0.000000000E+00 0.000000000E+00 0.000000000E+00
 0.000000000E+00 0.000000000E+00 0.000000000E+00 0.000000000E+00 0.000000000E+00
 0.000000000E+00 0.000000000E+00 0.000000000E+00 0.000000000E+00 0.000000000E+00
 0.000000000E+00 0.000000000E+00 0.000000000E+00 0.000000000E+00 0.000000000E+00
 0.000000000E+00 0.000000000E+00 0.000000000E+00 0.000000000E+00 0.000000000E+00
 0.000000000E+00 0.000000000E+00 0.000000000E+00 0.000000000E+00
 4.450000000E+01 5.763759766E+02 8.173302612E+02 1.001159241E+03 1.156202026E+03
 1.292497925E+03 1.416155762E+03 1.530234741E+03 1.635583862E+03 1.734743286E+03
 1.828619019E+03 1.917947998E+03 2.003336670E+03 2.085288086E+03 2.164222900E+03
 2.240128906E+03 2.313425537E+03 2.384586670E+03 2.453844971E+03 2.521401123E+03
 2.586653564E+03 2.650468506E+03 2.713049805E+03 2.774023193E+03 2.833552490E+03
 2.892187500E+03 2.949408936E+03 3.005521973E+03 3.060990723E+03 3.114894775E+03
 3.168255371E+03 3.220641113E+03 3.272108154E+03 3.323058838E+03 3.372822510E+03
 3.422338623E+03 3.470642334E+03 3.518706787E+03 3.565787842E+03 3.612538574E+03
 3.658457031E+03 3.704016846E+03 3.748828857E+03 3.793307861E+03 3.837065430E+03
 3.880562744E+03 3.923314209E+03 3.962708984E+03 3.983604492E+03
 1.800622267E-04 1.920223003E-04 2.416771022E-04 3.923897166E-04 8.438748191E-04
 2.316405764E-03 6.408119109E-03 1.679944806E-02 4.486750066E-02 1.049802005E-01
 2.182562053E-01 4.043876827E-01 6.702871919E-01 1.003617525E+00 1.377454638E+00
 1.758056045E+00 2.116221189E+00 2.445916653E+00 2.747442007E+00 3.022932053E+00
 3.265269756E+00 3.488336325E+00 3.695189714E+00 3.881636620E+00 4.050530910E+00
 4.208764553E+00 4.350533962E+00 4.480166435E+00 4.602770805E+00 4.709172249E+00
 4.810100555E+00 4.901216030E+00 4.983477592E+00 5.060759068E+00 5.127501965E+00
 5.192092896E+00 5.246638775E+00 5.299265385E+00 5.343996525E+00 5.386148453E+00
 5.421793938E+00 5.454689980E+00 5.481847286E+00 5.506470203E+00 5.525595665E+00
 5.542719841E+00 5.554111004E+00 5.564331055E+00 5.568099022E+00
 3.479272811E+14 3.670639106E+14 3.900223898E+14 4.168657677E+14 4.483291210E+14
 4.867955863E+14 5.346700433E+14 5.951279826E+14 6.748061355E+14 7.763823134E+14
 9.057526339E+14 1.068391234E+15 1.266866908E+15 1.498635825E+15 1.756318965E+15
 2.031922989E+15 2.310341829E+15 2.581552370E+15 2.841806987E+15 3.089478961E+15
 3.316192836E+15 3.527915396E+15 3.726501531E+15 3.907377636E+15 4.072146540E+15
 4.226984943E+15 4.366197986E+15 4.493808444E+15 4.614697546E+15 4.719993502E+15
 4.819911084E+15 4.910184317E+15 4.991694206E+15 5.068275621E+15 5.134513680E+15
 5.198639152E+15 5.252901769E+15 5.305260642E+15 5.349786568E+15 5.391749472E+15
 5.427247377E+15 5.460009387E+15 5.487062313E+15 5.511592481E+15 5.530648714E+15
 5.547711009E+15 5.559062607E+15 5.569247586E+15 5.573002998E+15
 2.403157673E-08 2.220275661E-07 4.429533362E-07 7.966505109E-07 1.570479299E-06
 3.638172529E-06 8.781900760E-06 2.103081351E-05 5.267584856E-05 1.187819726E-04
 2.410324232E-04 4.388166126E-04 7.175680366E-04 1.062605879E-03 1.444593188E-03
 1.827025786E-03 2.180281794E-03 2.499710768E-03 2.786628436E-03 3.044051584E-03
 3.264937550E-03 3.465361428E-03 3.648817074E-03 3.811469069E-03 3.956848755E-03
 4.091879353E-03 4.211205989E-03 4.319306463E-03 4.420917947E-03 4.507939797E-03
 4.590152297E-03 4.663741216E-03 4.729767796E-03 4.791539628E-03 4.844504409E-03
 4.895678256E-03 4.938586149E-03 4.979942925E-03 5.014915485E-03 5.047835410E-03
 5.075579509E-03 5.101162475E-03 5.122234114E-03 5.141329952E-03 5.156140309E-03
 5.169397686E-03 5.178208929E-03 5.186114460E-03 5.189028103E-03
 6.444440430E+03 5.554482812E+04 8.804646094E+04 9.817406250E+04 9.119864062E+04
 7.875700000E+04 6.819389844E+04 6.126886328E+04 5.746937109E+04 5.517550000E+04
 5.369253125E+04 5.264607422E+04 5.185642188E+04 5.122655469E+04 5.069597656E+04
 5.022919922E+04 4.979762500E+04 4.939078516E+04 4.900525781E+04 4.863893359E+04
 4.830221094E+04 4.798745703E+04 4.769230469E+04 4.742430078E+04 4.718080078E+04
 4.695224609E+04 4.674690625E+04 4.655918750E+04 4.638167578E+04 4.622777734E+04
 4.608173438E+04 4.594976562E+04 4.583084766E+04 4.571926562E+04 4.562338672E+04
 4.553070312E+04 4.545272266E+04 4.537754688E+04 4.531389453E+04 4.525400781E+04
 4.520362891E+04 4.515723047E+04 4.511914062E+04 4.508466797E+04 4.505803906E+04
 4.503421875E+04 4.501845703E+04 4.500431641E+04 4.499912500E+04
 5.554001331E-01 4.787010670E+00 7.588093281E+00 8.460918427E+00 7.859757423E+00
 6.787501335E+00 5.877143383E+00 5.280324459E+00 4.952873230E+00 4.755180836E+00
 4.627374649E+00 4.537188053E+00 4.469133377E+00 4.414849758E+00 4.369122982E+00
 4.328894615E+00 4.291700363E+00 4.256638050E+00 4.223412037E+00 4.191841125E+00
 4.162821293E+00 4.135694981E+00 4.110257626E+00 4.087160587E+00 4.066174984E+00
 4.046477795E+00 4.028780937E+00 4.012602806E+00 3.997304201E+00 3.984040976E+00
 3.971454382E+00 3.960081100E+00 3.949832439E+00 3.940216064E+00 3.931952953E+00
 3.923964977E+00 3.917244434E+00 3.910765409E+00 3.905279636E+00 3.900118828E+00
 3.895776749E+00 3.891777992E+00 3.888495445E+00 3.885524511E+00 3.883229494E+00
 3.881176710E+00 3.879818201E+00 3.878599644E+00 3.878152132E+00
 1.275378168E-01 1.044301891E+01 2.031750107E+01 2.970912933E+01 3.859224701E+01
 4.690872955E+01 5.465234756E+01 6.178111649E+01 6.812370300E+01 7.370843506E+01
 7.847927856E+01 8.241545105E+01 8.554883575E+01 8.796533203E+01 8.978698730E+01
 9.110012817E+01 9.207851410E+01 9.284647369E+01 9.346395874E+01 9.397223663E+01
 9.437328339E+01 9.472374725E+01 9.503412628E+01 9.529957581E+01 9.553173828E+01
 9.574471283E+01 9.593009949E+01 9.609696198E+01 9.625315094E+01 9.638642883E+01
 9.651248169E+01 9.662556458E+01 9.672750092E+01 9.682316589E+01 9.690579224E+01
 9.698576355E+01 9.705339813E+01 9.711869812E+01 9.717436981E+01 9.722689056E+01
 9.727146912E+01 9.731266785E+01 9.734680939E+01 9.737779236E+01 9.740193939E+01
 9.742356873E+01 9.743798828E+01 9.745092773E+01 9.745570374E+01
ZONE T="Extracted Points"
 STRANDID=0, SOLUTIONTIME=0
 I=49, J=1, K=1, ZONETYPE=Ordered
 DATAPACKING=BLOCK
 DT=(SINGLE SINGLE SINGLE SINGLE SINGLE SINGLE SINGLE SINGLE SINGLE SINGLE )
 1.269999985E-02 1.269999985E-02 1.269999985E-02 1.269999985E-02 1.269999985E-02
 1.269999985E-02 1.269999985E-02 1.269999985E-02 1.269999985E-02 1.269999985E-02
 1.269999985E-02 1.269999985E-02 1.269999985E-02 1.269999985E-02 1.269999985E-02
 1.269999985E-02 1.269999985E-02 1.269999985E-02 1.269999985E-02 1.269999985E-02
 1.269999985E-02 1.269999985E-02 1.269999985E-02 1.269999985E-02 1.269999985E-02
 1.269999985E-02 1.269999985E-02 1.269999985E-02 1.269999985E-02 1.269999985E-02
 1.269999985E-02 1.269999985E-02 1.269999985E-02 1.269999985E-02 1.269999985E-02
 1.269999985E-02 1.269999985E-02 1.269999985E-02 1.269999985E-02 1.269999985E-02
 1.269999985E-02 1.269999985E-02 1.269999985E-02 1.269999985E-02 1.269999985E-02
 1.269999985E-02 1.269999985E-02 1.269999985E-02 1.269999985E-02
 0.000000000E+00 2.591836674E-04 5.183673347E-04 7.775510312E-04 1.036734669E-03
 1.295918366E-03 1.555102062E-03 1.814285759E-03 2.073469339E-03 2.332653152E-03
 2.591836732E-03 2.851020312E-03 3.110204125E-03 3.369387705E-03 3.628571518E-03
 3.887755098E-03 4.146938678E-03 4.406122491E-03 4.665306304E-03 4.924489651E-03
 5.183673464E-03 5.442857277E-03 5.702040624E-03 5.961224437E-03 6.220408250E-03
 6.479592063E-03 6.738775410E-03 6.997959223E-03 7.257143036E-03 7.516326383E-03
 7.775510196E-03 8.034694009E-03 8.293877356E-03 8.553061634E-03 8.812244982E-03
 9.071428329E-03 9.330612607E-03 9.589795955E-03 9.848979302E-03 1.010816358E-02
 1.036734693E-02 1.062653027E-02 1.088571455E-02 1.114489790E-02 1.140408125E-02
 1.166326553E-02 1.192244887E-02 1.218163222E-02 1.244081650E-02
 0.000000000E+00 0.000000000E+00 0.000000000E+00 0.000000000E+00 0.000000000E+00
 0.000000000E+00 0.000000000E+00 0.000000000E+00 0.000000000E+00 0.000000000E+00
 0.000000000E+00 0.000000000E+00 0.000000000E+00 0.000000000E+00 0.000000000E+00
 0.000000000E+00 0.000000000E+00 0.000000000E+00 0.000000000E+00 0.000000000E+00
 0.000000000E+00 0.000000000E+00 0.000000000E+00 0.000000000E+00 0.000000000E+00
 0.000000000E+00 0.000000000E+00 0.000000000E+00 0.000000000E+00 0.000000000E+00
 0.000000000E+00 0.000000000E+00 0.000000000E+00 0.000000000E+00 0.000000000E+00
 0.000000000E+00 0.000000000E+00 0.000000000E+00 0.000000000E+00 0.000000000E+00
 0.000000000E+00 0.000000000E+00 0.000000000E+00 0.000000000E+00 0.000000000E+00
 0.000000000E+00 0.000000000E+00 0.000000000E+00 0.000000000E+00
 4.450000000E+01 5.763759766E+02 8.173302612E+02 1.001159241E+03 1.156202026E+03
 1.292497925E+03 1.416155762E+03 1.530234741E+03 1.635583862E+03 1.734743286E+03
 1.828619019E+03 1.917947998E+03 2.003336670E+03 2.085288086E+03 2.164222900E+03
 2.240128906E+03 2.313425537E+03 2.384586670E+03 2.453844971E+03 2.521401123E+03
 2.586653564E+03 2.650468506E+03 2.713049805E+03 2.774023193E+03 2.833552490E+03
 2.892187500E+03 2.949408936E+03 3.005521973E+03 3.060990723E+03 3.114894775E+03
 3.168255371E+03 3.220641113E+03 3.272108154E+03 3.323058838E+03 3.372822510E+03
 3.422338623E+03 3.470642334E+03 3.518706787E+03 3.565787842E+03 3.612538574E+03
 3.658457031E+03 3.704016846E+03 3.748828857E+03 3.793307861E+03 3.837065430E+03
 3.880562744E+03 3.923314209E+03 3.962708984E+03 3.983604492E+03
 1.800622267E-04 2.324035740E-04 4.230517370E-04 1.079245587E-03 3.100444796E-03
 9.125206620E-03 2.372040413E-02 5.518701300E-02 1.229063570E-01 2.397263050E-01
 4.170975387E-01 6.552185416E-01 9.419431090E-01 1.258582115E+00 1.587178469E+00
 1.912760139E+00 2.224648714E+00 2.519736290E+00 2.797123194E+00 3.056982994E+00
 3.291086197E+00 3.508414984E+00 3.711286306E+00 3.895188570E+00 4.062228203E+00
 4.218953609E+00 4.359609127E+00 4.488344193E+00 4.610174656E+00 4.716029167E+00
 4.816461086E+00 4.907170296E+00 4.989084244E+00 5.066051483E+00 5.132549286E+00
 5.196908951E+00 5.251291275E+00 5.303763866E+00 5.348378658E+00 5.390423298E+00
 5.425986290E+00 5.458807945E+00 5.485907555E+00 5.510478973E+00 5.529566288E+00
 5.546655655E+00 5.558023930E+00 5.568223476E+00 5.571983337E+00
 3.479272811E+14 3.692207224E+14 3.929102185E+14 4.205944704E+14 4.527091488E+14
 4.912487292E+14 5.385357487E+14 5.978092502E+14 6.755898328E+14 7.745680924E+14
 9.007864438E+14 1.060271934E+15 1.256431077E+15 1.487527697E+15 1.746561470E+15
 2.024945815E+15 2.306121218E+15 2.579637620E+15 2.841631699E+15 3.090459824E+15
 3.317650172E+15 3.529605466E+15 3.728255220E+15 3.909062605E+15 4.073712593E+15
 4.228407114E+15 4.367450238E+15 4.494906882E+15 4.615652103E+15 4.720849811E+15
 4.820671830E+15 4.910854332E+15 4.992272953E+15 5.068761489E+15 5.134930292E+15
 5.198992414E+15 5.253223892E+15 5.305553237E+15 5.350058761E+15 5.392002338E+15
 5.427486821E+15 5.460237557E+15 5.487282430E+15 5.511804545E+15 5.530855947E+15
 5.547913409E+15 5.559261787E+15 5.569444080E+15 5.573198419E+15
 2.403157673E-08 2.101009926E-07 5.557747045E-07 1.379701530E-06 3.409187002E-06
 8.830619663E-06 2.166248487E-05 4.949016511E-05 1.103894756E-04 2.168898645E-04
 3.802260617E-04 6.010172656E-04 8.681595209E-04 1.164310961E-03 1.472754404E-03
 1.779659535E-03 2.074788092E-03 2.354759024E-03 2.618370578E-03 2.865508432E-03
 3.087798133E-03 3.293562448E-03 3.485007910E-03 3.657496767E-03 3.813002026E-03
 3.958110232E-03 4.087003414E-03 4.203903489E-03 4.313861020E-03 4.407896195E-03
 4.496616311E-03 4.575807136E-03 4.646589514E-03 4.712643102E-03 4.768924788E-03
 4.823222756E-03 4.868388176E-03 4.911851604E-03 4.948316142E-03 4.982562270E-03
 5.011213478E-03 5.037568510E-03 5.059132818E-03 5.078637041E-03 5.093675107E-03
 5.107123405E-03 5.116017535E-03 5.123995710E-03 5.126927048E-03
 6.444440430E+03 4.305440234E+04 6.306898047E+04 6.263185938E+04 5.428003125E+04
 4.780226953E+04 4.452174219E+04 4.335505469E+04 4.331601172E+04 4.360001172E+04
 4.394282422E+04 4.424016016E+04 4.447168750E+04 4.465039062E+04 4.479490625E+04
 4.491708594E+04 4.502409766E+04 4.511716797E+04 4.519592188E+04 4.526020312E+04
 4.530181250E+04 4.532850391E+04 4.534253125E+04 4.534037109E+04 4.532507031E+04
 4.530220312E+04 4.526846875E+04 4.522807812E+04 4.518390234E+04 4.513321875E+04
 4.508130078E+04 4.502716797E+04 4.497301172E+04 4.491884766E+04 4.486667969E+04
 4.481500391E+04 4.476651562E+04 4.471896094E+04 4.467526953E+04 4.463332422E+04
 4.459580078E+04 4.456060938E+04 4.453029688E+04 4.450251172E+04 4.448021094E+04
 4.446014453E+04 4.444647266E+04 4.443419531E+04 4.442960938E+04
 5.554001331E-01 3.710550308E+00 5.435463428E+00 5.397790909E+00 4.678006649E+00
 4.119734764E+00 3.837009907E+00 3.736461639E+00 3.733096600E+00 3.757572412E+00
 3.787117004E+00 3.812742233E+00 3.832695961E+00 3.848097086E+00 3.860552073E+00
 3.871081829E+00 3.880304337E+00 3.888325453E+00 3.895112514E+00 3.900652409E+00
 3.904238701E+00 3.906538963E+00 3.907747746E+00 3.907561779E+00 3.906243086E+00
 3.904272556E+00 3.901365042E+00 3.897883892E+00 3.894076824E+00 3.889708757E+00
 3.885234118E+00 3.880568981E+00 3.875901699E+00 3.871233463E+00 3.866737843E+00
 3.862284184E+00 3.858105183E+00 3.854007006E+00 3.850241184E+00 3.846626520E+00
 3.843392372E+00 3.840359688E+00 3.837747097E+00 3.835352421E+00 3.833430529E+00
 3.831701279E+00 3.830523014E+00 3.829464912E+00 3.829069614E+00
 9.550509602E-02 7.762310982E+00 1.498587894E+01 2.172393990E+01 2.795080566E+01
 3.360997772E+01 3.870053101E+01 4.319249725E+01 4.695066071E+01 5.005097580E+01
 5.251095581E+01 5.439272690E+01 5.579344940E+01 5.682284164E+01 5.758140945E+01
 5.813043213E+01 5.854509354E+01 5.887158585E+01 5.913187408E+01 5.934133911E+01
 5.949657822E+01 5.962467575E+01 5.973110199E+01 5.981285477E+01 5.987649536E+01
 5.992985153E+01 5.996872711E+01 5.999857712E+01 6.002325821E+01 6.003784180E+01
 6.004956436E+01 6.005615616E+01 6.005899811E+01 6.005973053E+01 6.005720901E+01
 6.005409622E+01 6.004899216E+01 6.004368591E+01 6.003752518E+01 6.003132248E+01
 6.002499771E+01 6.001885986E+01 6.001311874E+01 6.000774384E+01 6.000318146E+01
 5.999903870E+01 5.999610901E+01 5.999347687E+01 5.999247360E+01
ZONE T="Extracted Points"
 STRANDID=0, SOLUTIONTIME=0
 I=49, J=1, K=1, ZONETYPE=Ordered
 DATAPACKING=BLOCK
 DT=(SINGLE SINGLE SINGLE SINGLE SINGLE SINGLE SINGLE SINGLE SINGLE SINGLE )
 1.269999985E-02 1.269999985E-02 1.269999985E-02 1.269999985E-02 1.269999985E-02
 1.269999985E-02 1.269999985E-02 1.269999985E-02 1.269999985E-02 1.269999985E-02
 1.269999985E-02 1.269999985E-02 1.269999985E-02 1.269999985E-02 1.269999985E-02
 1.269999985E-02 1.269999985E-02 1.269999985E-02 1.269999985E-02 1.269999985E-02
 1.269999985E-02 1.269999985E-02 1.269999985E-02 1.269999985E-02 1.269999985E-02
 1.269999985E-02 1.269999985E-02 1.269999985E-02 1.269999985E-02 1.269999985E-02
 1.269999985E-02 1.269999985E-02 1.269999985E-02 1.269999985E-02 1.269999985E-02
 1.269999985E-02 1.269999985E-02 1.269999985E-02 1.269999985E-02 1.269999985E-02
 1.269999985E-02 1.269999985E-02 1.269999985E-02 1.269999985E-02 1.269999985E-02
 1.269999985E-02 1.269999985E-02 1.269999985E-02 1.269999985E-02
 0.000000000E+00 2.591836674E-04 5.183673347E-04 7.775510312E-04 1.036734669E-03
 1.295918366E-03 1.555102062E-03 1.814285759E-03 2.073469339E-03 2.332653152E-03
 2.591836732E-03 2.851020312E-03 3.110204125E-03 3.369387705E-03 3.628571518E-03
 3.887755098E-03 4.146938678E-03 4.406122491E-03 4.665306304E-03 4.924489651E-03
 5.183673464E-03 5.442857277E-03 5.702040624E-03 5.961224437E-03 6.220408250E-03
 6.479592063E-03 6.738775410E-03 6.997959223E-03 7.257143036E-03 7.516326383E-03
 7.775510196E-03 8.034694009E-03 8.293877356E-03 8.553061634E-03 8.812244982E-03
 9.071428329E-03 9.330612607E-03 9.589795955E-03 9.848979302E-03 1.010816358E-02
 1.036734693E-02 1.062653027E-02 1.088571455E-02 1.114489790E-02 1.140408125E-02
 1.166326553E-02 1.192244887E-02 1.218163222E-02 1.244081650E-02
 0.000000000E+00 0.000000000E+00 0.000000000E+00 0.000000000E+00 0.000000000E+00
 0.000000000E+00 0.000000000E+00 0.000000000E+00 0.000000000E+00 0.000000000E+00
 0.000000000E+00 0.000000000E+00 0.000000000E+00 0.000000000E+00 0.000000000E+00
 0.000000000E+00 0.000000000E+00 0.000000000E+00 0.000000000E+00 0.000000000E+00
 0.000000000E+00 0.000000000E+00 0.000000000E+00 0.000000000E+00 0.000000000E+00
 0.000000000E+00 0.000000000E+00 0.000000000E+00 0.000000000E+00 0.000000000E+00
 0.000000000E+00 0.000000000E+00 0.000000000E+00 0.000000000E+00 0.000000000E+00
 0.000000000E+00 0.000000000E+00 0.000000000E+00 0.000000000E+00 0.000000000E+00
 0.000000000E+00 0.000000000E+00 0.000000000E+00 0.000000000E+00 0.000000000E+00
 0.000000000E+00 0.000000000E+00 0.000000000E+00 0.000000000E+00
 4.450000000E+01 5.763759766E+02 8.173302612E+02 1.001159241E+03 1.156202026E+03
 1.292497925E+03 1.416155762E+03 1.530234741E+03 1.635583862E+03 1.734743286E+03
 1.828619019E+03 1.917947998E+03 2.003336670E+03 2.085288086E+03 2.164222900E+03
 2.240128906E+03 2.313425537E+03 2.384586670E+03 2.453844971E+03 2.521401123E+03
 2.586653564E+03 2.650468506E+03 2.713049805E+03 2.774023193E+03 2.833552490E+03
 2.892187500E+03 2.949408936E+03 3.005521973E+03 3.060990723E+03 3.114894775E+03
 3.168255371E+03 3.220641113E+03 3.272108154E+03 3.323058838E+03 3.372822510E+03
 3.422338623E+03 3.470642334E+03 3.518706787E+03 3.565787842E+03 3.612538574E+03
 3.658457031E+03 3.704016846E+03 3.748828857E+03 3.793307861E+03 3.837065430E+03
 3.880562744E+03 3.923314209E+03 3.962708984E+03 3.983604492E+03
 2.266546944E-03 7.312454283E-03 1.829959825E-02 4.010077938E-02 7.833234221E-02
 1.394818425E-01 2.253131270E-01 3.358992934E-01 4.724016786E-01 6.284221411E-01
 8.027234674E-01 9.960849881E-01 1.210283995E+00 1.446083665E+00 1.701835513E+00
 1.974377155E+00 2.252712488E+00 2.527574062E+00 2.794015169E+00 3.049081326E+00
 3.282488585E+00 3.500045061E+00 3.703696489E+00 3.888568163E+00 4.056481361E+00
 4.214005947E+00 4.355316162E+00 4.484588146E+00 4.606887817E+00 4.713065147E+00
 4.813787937E+00 4.904730797E+00 4.986846924E+00 5.063997746E+00 5.130635738E+00
 5.195127010E+00 5.249594212E+00 5.302146435E+00 5.346819401E+00 5.388916016E+00
 5.424518108E+00 5.457373619E+00 5.484498978E+00 5.509093285E+00 5.528195858E+00
 5.545299530E+00 5.556675911E+00 5.566883087E+00 5.570645809E+00
 3.494090113E+14 3.678312333E+14 3.910482159E+14 4.180458435E+14 4.494603751E+14
 4.874340600E+14 5.343088298E+14 5.933043664E+14 6.710928679E+14 7.705255215E+14
 8.976684317E+14 1.058342219E+15 1.255568459E+15 1.487254162E+15 1.746269412E+15
 2.024000922E+15 2.304379609E+15 2.577350282E+15 2.839092836E+15 3.087928478E+15
 3.315316931E+15 3.527528849E+15 3.726467708E+15 3.907566883E+15 4.072480474E+15
 4.227423298E+15 4.366692713E+15 4.494335383E+15 4.615243007E+15 4.720534131E+15
 4.820443660E+15 4.910702934E+15 4.992197254E+15 5.068760952E+15 5.134978073E+15
 5.199081534E+15 5.253325360E+15 5.305665979E+15 5.350176873E+15 5.392125819E+15
 5.427611912E+15 5.460363722E+15 5.487408594E+15 5.511930710E+15 5.530981038E+15
 5.548037963E+15 5.559385804E+15 5.569567024E+15 5.573320825E+15
 2.897401146E-07 3.949266556E-06 1.269245604E-05 3.069756713E-05 6.291913451E-05
 1.151794204E-04 1.892242581E-04 2.853384940E-04 4.048905976E-04 5.424464471E-04
 6.971926196E-04 8.701246697E-04 1.063117990E-03 1.277088653E-03 1.510697883E-03
 1.761379070E-03 2.018980449E-03 2.274663653E-03 2.523622243E-03 2.762907417E-03
 2.982862061E-03 3.188247327E-03 3.380745649E-03 3.555613337E-03 3.714293707E-03
 3.862998914E-03 3.996016923E-03 4.117251374E-03 4.231657367E-03 4.330165219E-03
 4.423294682E-03 4.506779835E-03 4.581605084E-03 4.651559051E-03 4.711291287E-03
 4.768944811E-03 4.817007110E-03 4.863276612E-03 4.902170971E-03 4.938714206E-03
 4.969327711E-03 4.997497424E-03 5.020568147E-03 5.041440949E-03 5.057546776E-03
 5.071951542E-03 5.081485026E-03 5.090036895E-03 5.093179643E-03
 6.172646973E+03 2.553587695E+04 3.322467969E+04 3.677447266E+04 3.866279297E+04
 3.976830859E+04 4.048782812E+04 4.099175391E+04 4.135523047E+04 4.165210547E+04
 4.191262109E+04 4.215604688E+04 4.239224219E+04 4.262385938E+04 4.284928906E+04
 4.306289453E+04 4.325986719E+04 4.343974219E+04 4.360263672E+04 4.374921484E+04
 4.387185156E+04 4.397892578E+04 4.407267578E+04 4.414911328E+04 4.421060938E+04
 4.426309375E+04 4.430178125E+04 4.433041406E+04 4.435323828E+04 4.436323828E+04
 4.436939844E+04 4.436866406E+04 4.436271094E+04 4.435381641E+04 4.434002344E+04
 4.432533594E+04 4.430763281E+04 4.428973047E+04 4.427100000E+04 4.425250000E+04
 4.423458594E+04 4.421742969E+04 4.420185547E+04 4.418740234E+04 4.417538281E+04
 4.416451172E+04 4.415692578E+04 4.415011328E+04 4.414753125E+04
 5.319762230E-01 2.200754166E+00 2.863397121E+00 3.169328213E+00 3.332069159E+00
 3.427345514E+00 3.489355803E+00 3.532785654E+00 3.564111233E+00 3.589696407E+00
 3.612148523E+00 3.633127451E+00 3.653483629E+00 3.673445225E+00 3.692873478E+00
 3.711282253E+00 3.728257895E+00 3.743760109E+00 3.757798672E+00 3.770431280E+00
 3.781000614E+00 3.790228605E+00 3.798307896E+00 3.804895878E+00 3.810195923E+00
 3.814718962E+00 3.818053246E+00 3.820520639E+00 3.822487831E+00 3.823349714E+00
 3.823880196E+00 3.823817253E+00 3.823303938E+00 3.822537422E+00 3.821348667E+00
 3.820082664E+00 3.818557262E+00 3.817014694E+00 3.815400362E+00 3.813805819E+00
 3.812262058E+00 3.810783386E+00 3.809441090E+00 3.808195591E+00 3.807159662E+00
 3.806222677E+00 3.805568933E+00 3.804981709E+00 3.804759502E+00
 5.445317924E-02 4.331253052E+00 8.175826073E+00 1.156085587E+01 1.448727512E+01
 1.695013046E+01 1.900521660E+01 2.069932365E+01 2.204663277E+01 2.316238785E+01
 2.410893631E+01 2.494039345E+01 2.569493103E+01 2.639278030E+01 2.704004097E+01
 2.762560654E+01 2.814332199E+01 2.859812355E+01 2.899515152E+01 2.934030533E+01
 2.962049294E+01 2.986502647E+01 3.008058739E+01 3.026198387E+01 3.041731262E+01
 3.055759621E+01 3.067620277E+01 3.078047371E+01 3.087649345E+01 3.095521355E+01
 3.102862167E+01 3.109251022E+01 3.114852333E+01 3.120010567E+01 3.124301720E+01
 3.128419495E+01 3.131771660E+01 3.134987640E+01 3.137643814E+01 3.140129089E+01
 3.142183113E+01 3.144066048E+01 3.145591927E+01 3.146968842E+01 3.148022079E+01
 3.148962975E+01 3.149581718E+01 3.150136757E+01 3.150339699E+01
